2.022933339999999873e+02 -1.182720000000000257e-06
2.023345099999999945e+02 -1.792000000000000429e-08
2.023756860000000017e+02 -4.480000000000000411e-07
2.024168610000000115e+02 -1.254400000000000168e-07
2.024580369999999903e+02 -6.809600000000000837e-07
2.024992129999999975e+02 -3.584000000000000858e-08
2.025403890000000047e+02 -3.404800000000000419e-07
2.025815639999999860e+02 -2.437120000000000054e-06
2.026227399999999932e+02 -8.960000000000000823e-08
2.026639160000000004e+02 -0.000000000000000000e+00
2.027050910000000101e+02 -7.884800000000001359e-07
2.027462669999999889e+02 -1.648640000000000236e-06
2.027874429999999961e+02 -2.150400000000000250e-07
2.028286190000000033e+02 -3.512320000000000365e-06
2.028697940000000131e+02 -2.867200000000000687e-07
2.029109699999999918e+02 -4.300800000000000501e-07
2.029521459999999990e+02 -2.688000000000000247e-07
2.029933220000000063e+02 -5.035520000000000875e-06
2.030344969999999876e+02 -1.792000000000000429e-08
2.030756729999999948e+02 -1.397760000000000361e-06
2.031168490000000020e+02 -3.404800000000000419e-07
2.031580250000000092e+02 -0.000000000000000000e+00
2.031991999999999905e+02 -1.254400000000000168e-07
2.032403759999999977e+02 -1.021440000000000337e-06
2.032815520000000049e+02 -3.960320000000000565e-06
2.033227269999999862e+02 -1.290240000000000203e-06
2.033639029999999934e+02 -1.093120000000000090e-06
2.034050790000000006e+02 -6.451200000000001016e-07
2.034462550000000078e+02 -5.017600000000000672e-07
2.034874299999999891e+02 -1.075200000000000125e-07
2.035286059999999964e+02 -8.243200000000001180e-07
2.035697820000000036e+02 -8.960000000000000823e-08
2.036109580000000108e+02 -1.971200000000000340e-07
2.036521329999999921e+02 -1.971200000000000287e-06
2.036933089999999993e+02 -3.584000000000000858e-08
2.037344850000000065e+02 -1.093120000000000090e-06
2.037756610000000137e+02 -1.093120000000000090e-06
2.038168359999999950e+02 -6.092800000000000136e-07
2.038580120000000022e+02 -5.376000000000000626e-08
2.038991880000000094e+02 -2.688000000000000247e-07
2.039403639999999882e+02 -2.688000000000000247e-07
2.039815389999999979e+02 -4.121600000000000590e-07
2.040227150000000051e+02 -9.139200000000000733e-07
2.040638910000000124e+02 -3.046400000000000597e-06
2.041050659999999937e+02 -1.075200000000000125e-07
2.041462420000000009e+02 -0.000000000000000000e+00
2.041874180000000081e+02 -0.000000000000000000e+00
2.042285939999999869e+02 -7.168000000000000658e-07
2.042697689999999966e+02 -0.000000000000000000e+00
2.043109450000000038e+02 -1.308160000000000194e-06
2.043521210000000110e+02 -0.000000000000000000e+00
2.043932969999999898e+02 -2.867200000000000687e-07
2.044344719999999995e+02 -3.584000000000000858e-08
2.044756480000000067e+02 -8.960000000000000823e-07
2.045168240000000139e+02 -5.555200000000000404e-07
2.045579999999999927e+02 -1.756160000000000182e-06
2.045991750000000025e+02 -1.559040000000000281e-06
2.046403510000000097e+02 -1.792000000000000429e-08
2.046815269999999884e+02 -7.168000000000001717e-08
2.047227019999999982e+02 -4.480000000000000411e-07
2.047638780000000054e+02 -0.000000000000000000e+00
2.048050540000000126e+02 -2.150400000000000250e-07
2.048462299999999914e+02 -7.526400000000001538e-07
2.048874050000000011e+02 -2.168320000000000612e-06
2.049285810000000083e+02 -1.254400000000000168e-07
2.049697569999999871e+02 -5.376000000000000626e-08
2.050109329999999943e+02 -5.017600000000000672e-07
2.050521080000000040e+02 -5.017600000000000672e-07
2.050932840000000112e+02 -3.153920000000000544e-06
2.051344599999999900e+02 -1.128960000000000072e-06
2.051756359999999972e+02 -1.433600000000000343e-07
2.052168110000000070e+02 -4.838400000000000762e-07
2.052579870000000142e+02 -2.329600000000000426e-07
2.052991629999999930e+02 -3.584000000000000329e-07
2.053403380000000027e+02 -8.422400000000001091e-07
2.053815140000000099e+02 -1.612800000000000254e-06
2.054226899999999887e+02 -3.763200000000000769e-07
2.054638659999999959e+02 -5.196800000000000583e-07
2.055050410000000056e+02 -3.942400000000000680e-07
2.055462170000000128e+02 -6.092800000000000136e-07
2.055873929999999916e+02 -4.121600000000000590e-07
2.056285689999999988e+02 -4.032000000000000529e-06
2.056697440000000086e+02 -1.792000000000000429e-08
2.057109199999999873e+02 -1.057280000000000108e-06
2.057520959999999945e+02 -2.329600000000000426e-07
2.057932720000000018e+02 -1.792000000000000429e-08
2.058344470000000115e+02 -1.774080000000000385e-06
2.058756229999999903e+02 -2.329600000000000426e-07
2.059167989999999975e+02 -8.960000000000000823e-08
2.059579750000000047e+02 -4.121600000000000484e-06
2.059991499999999860e+02 -5.376000000000000494e-07
2.060403259999999932e+02 -1.792000000000000429e-08
2.060815020000000004e+02 -1.792000000000000165e-07
2.061226770000000101e+02 -4.838400000000000762e-07
2.061638529999999889e+02 -1.272320000000000212e-06
2.062050289999999961e+02 -1.200640000000000248e-06
2.062462050000000033e+02 -3.440640000000000401e-06
2.062873800000000131e+02 -7.526400000000001538e-07
2.063285559999999919e+02 -1.433600000000000343e-07
2.063697319999999991e+02 -2.688000000000000247e-07
2.064109080000000063e+02 -1.164800000000000266e-06
2.064520829999999876e+02 -1.720320000000000200e-06
2.064932589999999948e+02 -0.000000000000000000e+00
2.065344350000000020e+02 -3.279360000000000481e-06
2.065756110000000092e+02 -2.024960000000000260e-06
2.066167859999999905e+02 -1.792000000000000429e-08
2.066579619999999977e+02 -8.243200000000001180e-07
2.066991380000000049e+02 -6.809600000000000837e-07
2.067403129999999862e+02 -1.075200000000000125e-07
2.067814889999999934e+02 -0.000000000000000000e+00
2.068226650000000006e+02 -1.559040000000000281e-06
2.068638410000000079e+02 -3.942400000000000680e-07
2.069050159999999892e+02 -2.688000000000000247e-07
2.069461919999999964e+02 -5.376000000000000626e-08
2.069873680000000036e+02 -1.075200000000000125e-07
2.070285440000000108e+02 -0.000000000000000000e+00
2.070697189999999921e+02 -5.196800000000000583e-07
2.071108949999999993e+02 -1.792000000000000429e-08
2.071520710000000065e+02 -6.272000000000001105e-07
2.071932470000000137e+02 -1.075200000000000099e-06
2.072344219999999950e+02 -7.347200000000000569e-07
2.072755980000000022e+02 -0.000000000000000000e+00
2.073167740000000094e+02 -0.000000000000000000e+00
2.073579489999999907e+02 -1.505280000000000308e-06
2.073991249999999980e+02 -5.376000000000000626e-08
2.074403010000000052e+02 -1.469440000000000114e-06
2.074814770000000124e+02 -2.150400000000000250e-07
2.075226519999999937e+02 -6.630400000000000926e-07
2.075638280000000009e+02 -5.376000000000000626e-08
2.076050040000000081e+02 -7.168000000000001717e-08
2.076461799999999869e+02 -4.085760000000001349e-06
2.076873549999999966e+02 -6.630400000000000926e-07
2.077285310000000038e+02 -1.003520000000000134e-06
2.077697070000000110e+02 -2.920960000000000660e-06
2.078108829999999898e+02 -1.093120000000000090e-06
2.078520579999999995e+02 -7.168000000000000658e-07
2.078932340000000067e+02 -6.272000000000001105e-07
2.079344100000000140e+02 -3.584000000000000858e-08
2.079755859999999927e+02 -3.584000000000000858e-08
2.080167610000000025e+02 -2.383360000000000505e-06
2.080579370000000097e+02 -1.128960000000000072e-06
2.080991129999999885e+02 -1.254400000000000168e-07
2.081402879999999982e+02 -5.376000000000000626e-08
2.081814640000000054e+02 -1.146880000000000275e-06
2.082226400000000126e+02 -7.526400000000001538e-07
2.082638159999999914e+02 -7.884800000000001359e-07
2.083049910000000011e+02 -3.584000000000000858e-08
2.083461670000000083e+02 -3.584000000000000858e-08
2.083873429999999871e+02 -4.838400000000000762e-07
2.084285189999999943e+02 -1.397760000000000361e-06
2.084696940000000041e+02 -1.075200000000000125e-07
2.085108700000000113e+02 -4.480000000000000411e-07
2.085520459999999900e+02 -6.039040000000000375e-06
2.085932219999999973e+02 -3.584000000000000858e-08
2.086343970000000070e+02 -3.225600000000000508e-07
2.086755730000000142e+02 -7.168000000000000658e-07
2.087167489999999930e+02 -1.290240000000000203e-06
2.087579240000000027e+02 -3.584000000000000858e-08
2.087991000000000099e+02 -3.225600000000000508e-07
2.088402759999999887e+02 -7.884800000000001359e-07
2.088814519999999959e+02 -2.508800000000000336e-07
2.089226270000000056e+02 -2.634240000000000380e-06
2.089638030000000128e+02 -7.526400000000001538e-07
2.090049789999999916e+02 -4.282880000000000404e-06
2.090461549999999988e+02 -3.655680000000000293e-06
2.090873300000000086e+02 -0.000000000000000000e+00
2.091285059999999874e+02 -5.376000000000000494e-07
2.091696819999999946e+02 -5.196800000000000583e-07
2.092108580000000018e+02 -3.584000000000000858e-08
2.092520330000000115e+02 -1.971200000000000340e-07
2.092932089999999903e+02 -2.150400000000000250e-07
2.093343849999999975e+02 -2.060800000000000242e-06
2.093755600000000072e+02 -1.559040000000000281e-06
2.094167359999999860e+02 -4.121600000000000590e-07
2.094579119999999932e+02 -1.075200000000000125e-07
2.094990880000000004e+02 -1.146880000000000275e-06
2.095402630000000102e+02 -2.150400000000000250e-07
2.095814389999999889e+02 -2.508800000000000336e-07
2.096226149999999961e+02 -1.326080000000000185e-06
2.096637910000000034e+02 -8.960000000000000823e-08
2.097049660000000131e+02 -1.792000000000000429e-08
2.097461419999999919e+02 -0.000000000000000000e+00
2.097873179999999991e+02 -1.792000000000000429e-08
2.098284940000000063e+02 -7.884800000000001359e-07
2.098696689999999876e+02 -1.792000000000000429e-08
2.099108449999999948e+02 -1.971200000000000340e-07
2.099520210000000020e+02 -2.867200000000000687e-07
2.099931970000000092e+02 -2.920960000000000660e-06
2.100343719999999905e+02 -1.792000000000000165e-07
2.100755479999999977e+02 -1.971200000000000340e-07
2.101167240000000049e+02 -1.290240000000000203e-06
2.101578989999999862e+02 -3.924480000000000583e-06
2.101990749999999935e+02 -1.415680000000000141e-06
2.102402510000000007e+02 -1.433600000000000343e-07
2.102814270000000079e+02 -7.705600000000001449e-07
2.103226019999999892e+02 -1.451520000000000123e-06
2.103637779999999964e+02 -5.376000000000000494e-07
2.104049540000000036e+02 -7.168000000000001717e-08
2.104461300000000108e+02 -3.046400000000000068e-07
2.104873049999999921e+02 -8.243200000000001180e-07
2.105284809999999993e+02 -9.676800000000001524e-07
2.105696570000000065e+02 -3.584000000000000858e-08
2.106108330000000137e+02 -6.630400000000000926e-07
2.106520079999999950e+02 -1.057280000000000108e-06
2.106931840000000022e+02 -2.867200000000000687e-07
2.107343600000000094e+02 -1.612800000000000254e-07
2.107755349999999908e+02 -7.168000000000001717e-08
2.108167109999999980e+02 -1.648640000000000236e-06
2.108578870000000052e+02 -1.272320000000000212e-06
2.108990630000000124e+02 -0.000000000000000000e+00
2.109402379999999937e+02 -2.688000000000000247e-07
2.109814140000000009e+02 -1.971200000000000340e-07
2.110225900000000081e+02 -2.329600000000000426e-07
2.110637659999999869e+02 -1.971200000000000340e-07
2.111049409999999966e+02 -0.000000000000000000e+00
2.111461170000000038e+02 -2.329600000000000426e-07
2.111872930000000110e+02 -1.075200000000000125e-07
2.112284689999999898e+02 -1.236480000000000018e-06
2.112696439999999996e+02 -2.329600000000000426e-07
2.113108200000000068e+02 -3.225600000000000508e-07
2.113519960000000140e+02 -1.254400000000000168e-07
2.113931719999999927e+02 -1.792000000000000429e-08
2.114343470000000025e+02 -5.232640000000000777e-06
2.114755230000000097e+02 -5.376000000000000626e-08
2.115166989999999885e+02 -5.376000000000000626e-08
2.115578739999999982e+02 -3.225600000000000508e-07
2.115990500000000054e+02 -5.376000000000000494e-07
2.116402260000000126e+02 -1.433600000000000343e-07
2.116814019999999914e+02 -0.000000000000000000e+00
2.117225770000000011e+02 -0.000000000000000000e+00
2.117637530000000083e+02 -2.329600000000000426e-07
2.118049289999999871e+02 -1.057280000000000108e-06
2.118461049999999943e+02 -7.168000000000001717e-08
2.118872800000000041e+02 -3.942400000000000680e-07
2.119284560000000113e+02 -0.000000000000000000e+00
2.119696319999999901e+02 -3.942400000000000680e-07
2.120108079999999973e+02 -3.566080000000000338e-06
2.120519830000000070e+02 -2.132480000000000206e-06
2.120931590000000142e+02 -2.204160000000000594e-06
2.121343349999999930e+02 -0.000000000000000000e+00
2.121755100000000027e+02 -4.659200000000000851e-07
2.122166860000000099e+02 -2.150400000000000250e-07
2.122578619999999887e+02 -3.584000000000000329e-07
2.122990379999999959e+02 -1.344000000000000176e-06
2.123402130000000056e+02 -6.272000000000001105e-07
2.123813890000000129e+02 -3.584000000000000858e-08
2.124225649999999916e+02 -1.792000000000000429e-08
2.124637409999999988e+02 -1.792000000000000429e-08
2.125049160000000086e+02 -4.300800000000000501e-07
2.125460919999999874e+02 -1.236480000000000018e-06
2.125872679999999946e+02 -1.200640000000000248e-06
2.126284440000000018e+02 -0.000000000000000000e+00
2.126696190000000115e+02 -1.075200000000000125e-07
2.127107949999999903e+02 -5.376000000000000626e-08
2.127519709999999975e+02 -7.168000000000001717e-08
2.127931460000000072e+02 -2.992640000000000624e-06
2.128343219999999860e+02 -1.576960000000000272e-06
2.128754979999999932e+02 -3.584000000000000858e-08
2.129166740000000004e+02 -1.971200000000000340e-07
2.129578490000000102e+02 -0.000000000000000000e+00
2.129990249999999889e+02 -5.376000000000000494e-07
2.130402009999999962e+02 -9.676800000000001524e-07
2.130813770000000034e+02 -2.490880000000000451e-06
2.131225520000000131e+02 -1.792000000000000429e-08
2.131637279999999919e+02 -0.000000000000000000e+00
2.132049039999999991e+02 -8.960000000000000823e-08
2.132460800000000063e+02 -1.308160000000000194e-06
2.132872549999999876e+02 -5.376000000000000626e-08
2.133284309999999948e+02 -8.960000000000000823e-08
2.133696070000000020e+02 -1.953280000000000296e-06
2.134107830000000092e+02 -6.630400000000000926e-07
2.134519579999999905e+02 -6.630400000000000926e-07
2.134931339999999977e+02 -4.300800000000000501e-07
2.135343100000000049e+02 -7.526400000000001538e-07
2.135754849999999863e+02 -0.000000000000000000e+00
2.136166609999999935e+02 -4.480000000000000411e-07
2.136578370000000007e+02 -7.168000000000001717e-08
2.136990130000000079e+02 -6.092800000000001195e-06
2.137401879999999892e+02 -2.688000000000000247e-07
2.137813639999999964e+02 -5.376000000000000494e-07
2.138225400000000036e+02 -9.139200000000000733e-07
2.138637160000000108e+02 -8.243200000000001180e-07
2.139048909999999921e+02 -7.526400000000001538e-07
2.139460669999999993e+02 -4.838400000000000762e-07
2.139872430000000065e+02 -3.584000000000000858e-08
2.140284190000000137e+02 -2.472960000000000036e-06
2.140695939999999950e+02 -2.222080000000000162e-06
2.141107700000000023e+02 -4.838400000000000762e-07
2.141519460000000095e+02 -5.555200000000000404e-07
2.141931209999999908e+02 -2.347520000000000099e-06
2.142342969999999980e+02 -4.659200000000000851e-07
2.142754730000000052e+02 -4.480000000000000411e-07
2.143166490000000124e+02 -8.243200000000001180e-07
2.143578239999999937e+02 -7.168000000000000658e-07
2.143990000000000009e+02 -2.526720000000000433e-06
2.144401760000000081e+02 -4.121600000000000590e-07
2.144813519999999869e+02 -0.000000000000000000e+00
2.145225269999999966e+02 -2.867200000000000687e-07
2.145637030000000038e+02 -3.584000000000000858e-08
2.146048790000000110e+02 -1.254400000000000168e-07
2.146460549999999898e+02 -7.168000000000001717e-08
2.146872299999999996e+02 -1.523200000000000299e-06
2.147284060000000068e+02 -2.132480000000000206e-06
2.147695820000000140e+02 -4.659200000000000851e-07
2.148107569999999953e+02 -8.601600000000001002e-07
2.148519330000000025e+02 -7.168000000000000658e-07
2.148931090000000097e+02 -7.168000000000001717e-08
2.149342849999999885e+02 -3.942400000000000680e-07
2.149754599999999982e+02 -1.021440000000000337e-06
2.150166360000000054e+02 -0.000000000000000000e+00
2.150578120000000126e+02 -4.300800000000000501e-07
2.150989879999999914e+02 -5.196800000000000583e-07
2.151401630000000011e+02 -6.092800000000000136e-07
2.151813390000000084e+02 -7.168000000000001717e-08
2.152225149999999871e+02 -9.497600000000001613e-07
2.152636909999999943e+02 -5.913600000000001284e-07
2.153048660000000041e+02 -0.000000000000000000e+00
2.153460420000000113e+02 -1.093120000000000090e-06
2.153872179999999901e+02 -1.792000000000000429e-08
2.154283939999999973e+02 -1.792000000000000429e-08
2.154695690000000070e+02 -1.254400000000000168e-07
2.155107449999999858e+02 -1.792000000000000429e-08
2.155519209999999930e+02 -0.000000000000000000e+00
2.155930960000000027e+02 -1.075200000000000125e-07
2.156342720000000099e+02 -5.376000000000000626e-08
2.156754479999999887e+02 -2.508800000000000336e-07
2.157166239999999959e+02 -3.584000000000000858e-08
2.157577990000000057e+02 -1.182720000000000257e-06
2.157989750000000129e+02 -2.508800000000000336e-07
2.158401509999999917e+02 -8.960000000000000823e-08
2.158813269999999989e+02 -1.971200000000000340e-07
2.159225020000000086e+02 -1.200640000000000248e-06
2.159636779999999874e+02 -1.792000000000000429e-08
2.160048539999999946e+02 -2.992640000000000624e-06
2.160460300000000018e+02 -0.000000000000000000e+00
2.160872050000000115e+02 -1.146880000000000275e-06
2.161283809999999903e+02 -9.856000000000001434e-07
2.161695569999999975e+02 -4.838400000000000762e-07
2.162107320000000072e+02 -5.913600000000001284e-07
2.162519079999999860e+02 -1.971200000000000340e-07
2.162930839999999932e+02 -1.075200000000000125e-07
2.163342600000000004e+02 -1.612800000000000254e-07
2.163754350000000102e+02 -1.792000000000000429e-08
2.164166109999999890e+02 -1.792000000000000165e-06
2.164577869999999962e+02 -1.612800000000000254e-07
2.164989630000000034e+02 -2.688000000000000247e-07
2.165401380000000131e+02 -6.809600000000000837e-07
2.165813139999999919e+02 -8.960000000000000823e-08
2.166224899999999991e+02 -1.702400000000000209e-06
2.166636660000000063e+02 -2.544640000000000424e-06
2.167048409999999876e+02 -3.225600000000000508e-07
2.167460169999999948e+02 -6.092800000000000136e-07
2.167871930000000020e+02 -3.225600000000000508e-07
2.168283690000000092e+02 -0.000000000000000000e+00
2.168695439999999905e+02 -8.960000000000000823e-08
2.169107199999999978e+02 -0.000000000000000000e+00
2.169518960000000050e+02 -1.792000000000000429e-08
2.169930709999999863e+02 -1.774080000000000385e-06
2.170342469999999935e+02 -7.168000000000001717e-08
2.170754230000000007e+02 -2.150400000000000250e-07
2.171165990000000079e+02 -2.007040000000000269e-06
2.171577739999999892e+02 -2.150400000000000250e-07
2.171989499999999964e+02 -8.960000000000000823e-07
2.172401260000000036e+02 -0.000000000000000000e+00
2.172813020000000108e+02 -1.523200000000000299e-06
2.173224769999999921e+02 -1.702400000000000209e-06
2.173636529999999993e+02 -1.272320000000000212e-06
2.174048290000000065e+02 -1.075200000000000125e-07
2.174460050000000138e+02 -1.792000000000000429e-08
2.174871799999999951e+02 -9.856000000000001434e-07
2.175283560000000023e+02 -1.003520000000000134e-06
2.175695320000000095e+02 -5.376000000000000626e-08
2.176107069999999908e+02 -5.555200000000000404e-07
2.176518829999999980e+02 -3.207680000000000517e-06
2.176930590000000052e+02 -3.584000000000000858e-08
2.177342350000000124e+02 -7.168000000000000658e-07
2.177754099999999937e+02 -3.136000000000000553e-06
2.178165860000000009e+02 -3.243520000000000499e-06
2.178577620000000081e+02 -7.705600000000001449e-07
2.178989379999999869e+02 -2.078720000000000233e-06
2.179401129999999966e+02 -1.792000000000000429e-08
2.179812890000000039e+02 -0.000000000000000000e+00
2.180224650000000111e+02 -1.344000000000000176e-06
2.180636409999999898e+02 -8.960000000000000823e-08
2.181048159999999996e+02 -8.960000000000000823e-08
2.181459920000000068e+02 -3.584000000000000858e-08
2.181871680000000140e+02 -1.612800000000000254e-07
2.182283429999999953e+02 -8.243200000000001180e-07
2.182695190000000025e+02 -0.000000000000000000e+00
2.183106950000000097e+02 -4.838400000000000762e-07
2.183518709999999885e+02 -1.057280000000000108e-06
2.183930459999999982e+02 -3.404800000000000419e-07
2.184342220000000054e+02 -7.884800000000001359e-07
2.184753980000000126e+02 -3.584000000000000329e-07
2.185165739999999914e+02 -6.809600000000000837e-07
2.185577490000000012e+02 -1.559040000000000281e-06
2.185989250000000084e+02 -6.325760000000001078e-06
2.186401009999999872e+02 -1.254400000000000168e-07
2.186812769999999944e+02 -1.917440000000000314e-06
2.187224520000000041e+02 -2.329600000000000426e-07
2.187636280000000113e+02 -1.451520000000000123e-06
2.188048039999999901e+02 -3.225600000000000508e-07
2.188459799999999973e+02 -6.630400000000000926e-07
2.188871550000000070e+02 -1.792000000000000429e-08
2.189283309999999858e+02 -1.290240000000000203e-06
2.189695069999999930e+02 -0.000000000000000000e+00
2.190106820000000027e+02 -8.960000000000000823e-08
2.190518580000000100e+02 -7.526400000000001538e-07
2.190930339999999887e+02 -1.326080000000000185e-06
2.191342099999999959e+02 -1.612800000000000254e-07
2.191753850000000057e+02 -1.254400000000000168e-07
2.192165610000000129e+02 -3.763200000000000769e-07
2.192577369999999917e+02 -2.042880000000000675e-06
2.192989129999999989e+02 -1.792000000000000165e-07
2.193400880000000086e+02 -7.168000000000000658e-07
2.193812639999999874e+02 -3.082240000000000579e-06
2.194224399999999946e+02 -1.003520000000000134e-06
2.194636160000000018e+02 -5.017600000000000672e-07
2.195047910000000115e+02 -3.584000000000000329e-07
2.195459669999999903e+02 -1.881600000000000120e-06
2.195871429999999975e+02 -1.254400000000000168e-07
2.196283180000000073e+02 -5.376000000000000626e-08
2.196694939999999860e+02 -1.075200000000000099e-06
2.197106699999999933e+02 -4.193280000000000449e-06
2.197518460000000005e+02 -1.792000000000000429e-08
2.197930210000000102e+02 -7.168000000000001717e-08
2.198341969999999890e+02 -2.240000000000000576e-06
2.198753729999999962e+02 -3.404800000000000419e-07
2.199165490000000034e+02 -9.856000000000001434e-07
2.199577240000000131e+02 -7.168000000000000658e-07
2.199988999999999919e+02 -1.827840000000000147e-06
2.200400759999999991e+02 -5.376000000000000626e-08
2.200812520000000063e+02 -1.254400000000000168e-07
2.201224269999999876e+02 -3.082240000000000579e-06
2.201636029999999948e+02 -9.139200000000000733e-07
2.202047790000000020e+02 -0.000000000000000000e+00
2.202459540000000118e+02 -1.326080000000000185e-06
2.202871299999999906e+02 -8.064000000000001270e-07
2.203283059999999978e+02 -5.555200000000000404e-07
2.203694820000000050e+02 -0.000000000000000000e+00
2.204106569999999863e+02 -0.000000000000000000e+00
2.204518329999999935e+02 -8.064000000000001270e-07
2.204930090000000007e+02 -1.792000000000000429e-08
2.205341850000000079e+02 -5.196800000000000583e-07
2.205753599999999892e+02 -4.659200000000001063e-06
2.206165359999999964e+02 -4.533760000000000279e-06
2.206577120000000036e+02 -1.075200000000000125e-07
2.206988880000000108e+02 -1.361920000000000167e-06
2.207400629999999921e+02 -3.763200000000000769e-07
2.207812389999999994e+02 -2.867200000000000687e-07
2.208224150000000066e+02 -1.164800000000000266e-06
2.208635910000000138e+02 -5.913600000000001284e-07
2.209047659999999951e+02 -8.960000000000000823e-07
2.209459420000000023e+02 -1.433600000000000343e-07
2.209871180000000095e+02 -4.480000000000000411e-07
2.210282929999999908e+02 -7.168000000000001717e-08
2.210694689999999980e+02 -5.376000000000000626e-08
2.211106450000000052e+02 -0.000000000000000000e+00
2.211518210000000124e+02 -3.763200000000000769e-07
2.211929959999999937e+02 -1.809920000000000367e-06
2.212341720000000009e+02 -2.024960000000000260e-06
2.212753480000000081e+02 -2.562560000000000415e-06
2.213165239999999869e+02 -0.000000000000000000e+00
2.213576989999999967e+02 -1.433600000000000343e-07
2.213988750000000039e+02 -1.487360000000000105e-06
2.214400510000000111e+02 -9.318400000000001703e-07
2.214812269999999899e+02 -1.720320000000000200e-06
2.215224019999999996e+02 -3.584000000000000858e-08
2.215635780000000068e+02 -1.254400000000000168e-07
2.216047540000000140e+02 -5.376000000000000626e-08
2.216459289999999953e+02 -0.000000000000000000e+00
2.216871050000000025e+02 -1.111040000000000081e-06
2.217282810000000097e+02 -2.867200000000000687e-07
2.217694569999999885e+02 -9.676800000000001524e-07
2.218106319999999982e+02 -1.344000000000000176e-06
2.218518080000000054e+02 -2.060800000000000242e-06
2.218929840000000127e+02 -4.480000000000000411e-07
2.219341599999999914e+02 -1.379840000000000370e-06
2.219753350000000012e+02 -2.867200000000000687e-07
2.220165110000000084e+02 -7.168000000000001717e-08
2.220576869999999872e+02 -5.376000000000000626e-08
2.220988629999999944e+02 -1.254400000000000168e-07
2.221400380000000041e+02 -2.849280000000000272e-06
2.221812140000000113e+02 -8.960000000000000823e-08
2.222223899999999901e+02 -8.601600000000001002e-07
2.222635659999999973e+02 -4.515840000000000288e-06
2.223047410000000070e+02 -1.702400000000000209e-06
2.223459169999999858e+02 -5.376000000000000626e-08
2.223870929999999930e+02 -1.093120000000000090e-06
2.224282680000000028e+02 -1.487360000000000105e-06
2.224694440000000100e+02 -1.792000000000000429e-08
2.225106199999999887e+02 -2.240000000000000576e-06
2.225517959999999960e+02 -1.003520000000000134e-06
2.225929710000000057e+02 -5.017600000000000672e-07
2.226341470000000129e+02 -1.971200000000000340e-07
2.226753229999999917e+02 -4.300800000000000501e-07
2.227164989999999989e+02 -7.168000000000001717e-08
2.227576740000000086e+02 -3.799040000000000645e-06
2.227988499999999874e+02 -1.756160000000000182e-06
2.228400259999999946e+02 -4.300800000000000501e-07
2.228812020000000018e+02 -9.139200000000000733e-07
2.229223770000000115e+02 -0.000000000000000000e+00
2.229635529999999903e+02 -6.684160000000000900e-06
2.230047289999999975e+02 -1.792000000000000429e-08
2.230459040000000073e+02 -1.612800000000000254e-07
2.230870799999999861e+02 -1.075200000000000099e-06
2.231282559999999933e+02 -1.182720000000000257e-06
2.231694320000000005e+02 -0.000000000000000000e+00
2.232106070000000102e+02 -2.508800000000000336e-07
2.232517829999999890e+02 -1.792000000000000429e-08
2.232929589999999962e+02 -1.075200000000000125e-07
2.233341350000000034e+02 -0.000000000000000000e+00
2.233753100000000131e+02 -8.064000000000001270e-07
2.234164859999999919e+02 -1.182720000000000257e-06
2.234576619999999991e+02 -0.000000000000000000e+00
2.234988380000000063e+02 -8.601600000000001002e-07
2.235400129999999876e+02 -0.000000000000000000e+00
2.235811889999999948e+02 -1.075200000000000125e-07
2.236223650000000021e+02 -8.064000000000001270e-07
2.236635400000000118e+02 -8.960000000000000823e-08
2.237047159999999906e+02 -1.397760000000000361e-06
2.237458919999999978e+02 -3.584000000000000858e-08
2.237870680000000050e+02 -2.956800000000000642e-06
2.238282429999999863e+02 -1.021440000000000337e-06
2.238694189999999935e+02 -5.196800000000000583e-07
2.239105950000000007e+02 -4.480000000000000411e-07
2.239517710000000079e+02 -1.971200000000000340e-07
2.239929459999999892e+02 -3.584000000000000858e-08
2.240341219999999964e+02 -4.121600000000000590e-07
2.240752980000000036e+02 -2.616320000000000388e-06
2.241164740000000108e+02 -8.780800000000000912e-07
2.241576489999999922e+02 -0.000000000000000000e+00
2.241988249999999994e+02 -0.000000000000000000e+00
2.242400010000000066e+02 -0.000000000000000000e+00
2.242811770000000138e+02 -1.433600000000000132e-06
2.243223519999999951e+02 -1.630720000000000245e-06
2.243635280000000023e+02 -0.000000000000000000e+00
2.244047040000000095e+02 -3.637760000000000726e-06
2.244458789999999908e+02 -2.813440000000000290e-06
2.244870549999999980e+02 -4.659200000000000851e-07
2.245282310000000052e+02 -6.092800000000000136e-07
2.245694070000000124e+02 -1.792000000000000429e-08
2.246105819999999937e+02 -1.254400000000000221e-06
2.246517580000000009e+02 -5.376000000000000626e-08
2.246929340000000082e+02 -3.584000000000000858e-08
2.247341099999999869e+02 -8.010240000000001085e-06
2.247752849999999967e+02 -1.792000000000000429e-08
2.248164610000000039e+02 -0.000000000000000000e+00
2.248576370000000111e+02 -7.168000000000000658e-07
2.248988129999999899e+02 -0.000000000000000000e+00
2.249399879999999996e+02 -8.960000000000000823e-07
2.249811640000000068e+02 -3.584000000000000858e-08
2.250223400000000140e+02 -3.584000000000000858e-08
2.250635149999999953e+02 -0.000000000000000000e+00
2.251046910000000025e+02 -3.440640000000000401e-06
2.251458670000000097e+02 -0.000000000000000000e+00
2.251870429999999885e+02 -1.792000000000000429e-08
2.252282179999999983e+02 -1.451520000000000123e-06
2.252693940000000055e+02 -1.935360000000000305e-06
2.253105700000000127e+02 -1.792000000000000429e-08
2.253517459999999915e+02 -1.792000000000000429e-08
2.253929210000000012e+02 -8.960000000000000823e-08
2.254340970000000084e+02 -1.254400000000000168e-07
2.254752729999999872e+02 -1.720320000000000200e-06
2.255164489999999944e+02 -0.000000000000000000e+00
2.255576240000000041e+02 -7.168000000000001717e-08
2.255988000000000113e+02 -1.236480000000000018e-06
2.256399759999999901e+02 -8.960000000000000823e-08
2.256811509999999998e+02 -6.451200000000001016e-07
2.257223270000000070e+02 -7.347200000000000569e-07
2.257635029999999858e+02 -4.300800000000000501e-07
2.258046789999999930e+02 -2.688000000000000247e-07
2.258458540000000028e+02 -2.114560000000000215e-06
2.258870300000000100e+02 -5.376000000000000626e-08
2.259282059999999888e+02 -2.508800000000000442e-06
2.259693819999999960e+02 -1.774080000000000385e-06
2.260105570000000057e+02 -3.942400000000000680e-07
2.260517330000000129e+02 -0.000000000000000000e+00
2.260929089999999917e+02 -1.003520000000000134e-06
2.261340849999999989e+02 -1.505280000000000308e-06
2.261752600000000086e+02 -1.379840000000000370e-06
2.262164359999999874e+02 -2.849280000000000272e-06
2.262576119999999946e+02 -5.734400000000001374e-07
2.262987880000000018e+02 -4.480000000000000411e-07
2.263399630000000116e+02 -0.000000000000000000e+00
2.263811389999999903e+02 -7.347200000000000569e-07
2.264223149999999976e+02 -3.404800000000000419e-07
2.264634900000000073e+02 -1.684480000000000218e-06
2.265046659999999861e+02 -8.064000000000001270e-07
2.265458419999999933e+02 -4.623360000000000234e-06
2.265870180000000005e+02 -1.648640000000000236e-06
2.266281930000000102e+02 -1.792000000000000429e-08
2.266693689999999890e+02 -1.827840000000000147e-06
2.267105449999999962e+02 -1.039360000000000117e-06
2.267517210000000034e+02 -1.254400000000000168e-07
2.267928960000000131e+02 -8.243200000000001180e-07
2.268340719999999919e+02 -2.867200000000000687e-07
2.268752479999999991e+02 -9.318400000000001703e-07
2.269164240000000063e+02 -1.792000000000000429e-08
2.269575989999999877e+02 -0.000000000000000000e+00
2.269987749999999949e+02 -0.000000000000000000e+00
2.270399510000000021e+02 -5.376000000000000626e-08
2.270811260000000118e+02 -3.584000000000000858e-08
2.271223019999999906e+02 -2.867200000000000687e-07
2.271634779999999978e+02 -1.971200000000000340e-07
2.272046540000000050e+02 -1.541120000000000290e-06
2.272458289999999863e+02 -1.971200000000000340e-07
2.272870049999999935e+02 -1.433600000000000132e-06
2.273281810000000007e+02 -1.648640000000000236e-06
2.273693570000000079e+02 -2.795520000000000723e-06
2.274105319999999892e+02 -0.000000000000000000e+00
2.274517079999999964e+02 -1.971200000000000340e-07
2.274928840000000037e+02 -1.523200000000000299e-06
2.275340600000000109e+02 -4.121600000000000590e-07
2.275752349999999922e+02 -8.960000000000000823e-08
2.276164109999999994e+02 -5.376000000000000626e-08
2.276575870000000066e+02 -1.917440000000000314e-06
2.276987630000000138e+02 -2.867200000000000687e-07
2.277399379999999951e+02 -1.971200000000000287e-06
2.277811140000000023e+02 -6.451200000000001016e-07
2.278222900000000095e+02 -1.433600000000000343e-07
2.278634649999999908e+02 -3.315200000000000463e-06
2.279046409999999980e+02 -8.960000000000000823e-08
2.279458170000000052e+02 -2.508800000000000336e-07
2.279869930000000124e+02 -6.451200000000001016e-07
2.280281679999999938e+02 -3.584000000000000858e-08
2.280693440000000010e+02 -7.526400000000001538e-07
2.281105200000000082e+02 -3.476480000000000806e-06
2.281516959999999870e+02 -7.168000000000001717e-08
2.281928709999999967e+02 -1.612800000000000254e-07
2.282340470000000039e+02 -5.913600000000001284e-07
2.282752230000000111e+02 -1.236480000000000018e-06
2.283163989999999899e+02 -9.497600000000001613e-07
2.283575739999999996e+02 -8.960000000000000823e-08
2.283987500000000068e+02 -1.845760000000000349e-06
2.284399260000000140e+02 -1.630720000000000245e-06
2.284811009999999953e+02 -3.584000000000000858e-08
2.285222770000000025e+02 -1.630720000000000245e-06
2.285634530000000098e+02 -3.942400000000000680e-07
2.286046289999999885e+02 -3.584000000000000858e-08
2.286458039999999983e+02 -0.000000000000000000e+00
2.286869800000000055e+02 -0.000000000000000000e+00
2.287281560000000127e+02 -1.146880000000000275e-06
2.287693319999999915e+02 -8.780800000000000912e-07
2.288105070000000012e+02 -7.526400000000001538e-07
2.288516830000000084e+02 -5.734400000000001374e-07
2.288928589999999872e+02 -6.092800000000000136e-07
2.289340349999999944e+02 -5.376000000000000626e-08
2.289752100000000041e+02 -8.780800000000000912e-07
2.290163860000000113e+02 -2.150400000000000250e-07
2.290575619999999901e+02 -1.361920000000000167e-06
2.290987369999999999e+02 -5.304320000000000741e-06
2.291399130000000071e+02 -6.988800000000001806e-07
2.291810889999999858e+02 -1.792000000000000165e-07
2.292222649999999931e+02 -3.584000000000000329e-07
2.292634400000000028e+02 -2.150400000000000250e-07
2.293046160000000100e+02 -8.422400000000001091e-07
2.293457919999999888e+02 -8.960000000000000823e-08
2.293869679999999960e+02 -4.480000000000000411e-07
2.294281430000000057e+02 -8.960000000000000823e-08
2.294693190000000129e+02 -7.168000000000001717e-08
2.295104949999999917e+02 -1.039360000000000117e-06
2.295516709999999989e+02 -5.376000000000000626e-08
2.295928460000000086e+02 -2.096640000000000224e-06
2.296340219999999874e+02 -8.960000000000000823e-07
2.296751979999999946e+02 -2.329600000000000426e-07
2.297163740000000018e+02 -2.096640000000000224e-06
2.297575490000000116e+02 -2.329600000000000426e-07
2.297987249999999904e+02 -1.792000000000000429e-08
2.298399009999999976e+02 -2.024960000000000260e-06
2.298810760000000073e+02 -4.282880000000000404e-06
2.299222519999999861e+02 -1.075200000000000125e-07
2.299634279999999933e+02 -1.971200000000000340e-07
2.300046040000000005e+02 -0.000000000000000000e+00
2.300457790000000102e+02 -5.376000000000000626e-08
2.300869549999999890e+02 -5.376000000000000494e-07
2.301281309999999962e+02 -1.792000000000000429e-08
2.301693070000000034e+02 -3.942400000000000680e-07
2.302104820000000132e+02 -3.404800000000000419e-07
2.302516579999999919e+02 -7.705600000000001449e-07
2.302928339999999992e+02 -1.792000000000000429e-08
2.303340100000000064e+02 -1.254400000000000168e-07
2.303751849999999877e+02 -6.988800000000001806e-07
2.304163609999999949e+02 -1.792000000000000429e-08
2.304575370000000021e+02 -3.584000000000000329e-07
2.304987120000000118e+02 -7.168000000000000658e-07
2.305398879999999906e+02 -1.326080000000000185e-06
2.305810639999999978e+02 -7.168000000000001717e-08
2.306222400000000050e+02 -1.792000000000000429e-08
2.306634149999999863e+02 -0.000000000000000000e+00
2.307045909999999935e+02 -9.139200000000000733e-07
2.307457670000000007e+02 -1.809920000000000367e-06
2.307869430000000079e+02 -1.397760000000000361e-06
2.308281179999999893e+02 -2.222080000000000162e-06
2.308692939999999965e+02 -5.196800000000000583e-07
2.309104700000000037e+02 -4.480000000000001153e-06
2.309516460000000109e+02 -1.075200000000000125e-07
2.309928209999999922e+02 -4.121600000000000590e-07
2.310339969999999994e+02 -7.347200000000000569e-07
2.310751730000000066e+02 -0.000000000000000000e+00
2.311163479999999879e+02 -8.064000000000001270e-07
2.311575239999999951e+02 -8.064000000000001270e-07
2.311987000000000023e+02 -0.000000000000000000e+00
2.312398760000000095e+02 -2.329600000000000426e-07
2.312810509999999908e+02 -3.584000000000000329e-07
2.313222269999999980e+02 -5.376000000000000494e-07
2.313634030000000052e+02 -5.376000000000000626e-08
2.314045790000000125e+02 -1.039360000000000117e-06
2.314457539999999938e+02 -0.000000000000000000e+00
2.314869300000000010e+02 -2.329600000000000426e-07
2.315281060000000082e+02 -1.792000000000000429e-08
2.315692819999999870e+02 -1.792000000000000429e-08
2.316104569999999967e+02 -0.000000000000000000e+00
2.316516330000000039e+02 -2.508800000000000336e-07
2.316928090000000111e+02 -1.971200000000000340e-07
2.317339849999999899e+02 -7.168000000000001717e-08
2.317751599999999996e+02 -9.856000000000001434e-07
2.318163360000000068e+02 -3.584000000000000858e-08
2.318575120000000140e+02 -0.000000000000000000e+00
2.318986869999999954e+02 -6.809600000000000837e-07
2.319398630000000026e+02 -8.243200000000001180e-07
2.319810390000000098e+02 -0.000000000000000000e+00
2.320222149999999885e+02 -3.584000000000000858e-08
2.320633899999999983e+02 -1.792000000000000429e-08
2.321045660000000055e+02 -4.300800000000000501e-07
2.321457420000000127e+02 -3.351040000000000445e-06
2.321869179999999915e+02 -2.329600000000000426e-07
2.322280930000000012e+02 -2.562560000000000415e-06
2.322692690000000084e+02 -0.000000000000000000e+00
2.323104449999999872e+02 -1.971200000000000340e-07
2.323516209999999944e+02 -1.989120000000000278e-06
2.323927960000000041e+02 -0.000000000000000000e+00
2.324339720000000113e+02 2.898380800000000587e-04
2.324751479999999901e+02 6.698137600000001130e-04
2.325163229999999999e+02 9.350297600000001975e-04
2.325574990000000071e+02 1.097349120000000238e-03
2.325986749999999859e+02 1.183848960000000216e-03
2.326398509999999931e+02 1.261155840000000245e-03
2.326810260000000028e+02 1.242608640000000342e-03
2.327222020000000100e+02 1.219456000000000272e-03
2.327633779999999888e+02 1.204403200000000226e-03
2.328045539999999960e+02 1.188705280000000152e-03
2.328457290000000057e+02 1.163778560000000226e-03
2.328869050000000129e+02 1.016727040000000096e-03
2.329280809999999917e+02 9.726796800000001584e-04
2.329692569999999989e+02 9.159808000000002138e-04
2.330104320000000087e+02 8.700518400000001621e-04
2.330516079999999874e+02 8.306099200000000666e-04
2.330927839999999946e+02 7.792512000000001871e-04
2.331339590000000044e+02 6.335257600000001243e-04
2.331751350000000116e+02 6.018790400000000995e-04
2.332163109999999904e+02 5.765222400000001189e-04
2.332574869999999976e+02 5.568460800000000609e-04
2.332986620000000073e+02 5.390515200000000088e-04
2.333398379999999861e+02 5.095731200000000981e-04
2.333810139999999933e+02 4.766361600000001281e-04
2.334221900000000005e+02 4.468352000000000955e-04
2.334633650000000102e+02 3.405158400000000605e-04
2.335045409999999890e+02 3.494400000000000696e-04
2.335457169999999962e+02 3.665536000000000814e-04
2.335868930000000034e+02 3.820185600000000127e-04
2.336280680000000132e+02 4.129305600000000853e-04
2.336692439999999920e+02 4.209049600000000610e-04
2.337104199999999992e+02 4.226790400000000805e-04
2.337515960000000064e+02 4.251340800000000860e-04
2.337927709999999877e+02 4.256179200000000519e-04
2.338339469999999949e+02 4.708838400000000700e-04
2.338751230000000021e+02 5.008281600000000482e-04
2.339162980000000118e+02 5.308262399999999926e-04
2.339574739999999906e+02 5.654297600000001041e-04
2.339986499999999978e+02 6.040115200000000916e-04
2.340398260000000050e+02 6.556748800000001404e-04
2.340810009999999863e+02 6.623769600000001777e-04
2.341221769999999935e+02 6.767129600000000621e-04
2.341633530000000007e+02 6.919808000000000816e-04
2.342045290000000080e+02 7.075174400000000400e-04
2.342457039999999893e+02 7.931571200000001260e-04
2.342868799999999965e+02 8.051635200000001064e-04
2.343280560000000037e+02 8.252339200000002048e-04
2.343692320000000109e+02 8.368460800000001448e-04
2.344104069999999922e+02 8.470246400000001940e-04
2.344515829999999994e+02 8.571494400000001686e-04
2.344927590000000066e+02 9.004800000000001605e-04
2.345339339999999879e+02 8.888140800000000376e-04
2.345751099999999951e+02 9.003008000000000928e-04
2.346162860000000023e+02 9.133824000000000456e-04
2.346574620000000095e+02 9.266252800000001136e-04
2.346986369999999908e+02 9.393663999999999920e-04
2.347398129999999981e+02 1.017282560000000143e-03
2.347809890000000053e+02 1.019916800000000108e-03
2.348221650000000125e+02 1.016064000000000116e-03
2.348633399999999938e+02 1.005616640000000237e-03
2.349045160000000010e+02 1.006584320000000060e-03
2.349456920000000082e+02 9.983948800000002743e-04
2.349868679999999870e+02 9.914956800000001083e-04
2.350280429999999967e+02 9.802419200000001952e-04
2.350692190000000039e+02 9.924096000000000740e-04
2.351103950000000111e+02 9.986636800000002132e-04
2.351515709999999899e+02 1.001459199999999968e-03
2.351927459999999996e+02 1.008483840000000019e-03
2.352339220000000068e+02 1.088048640000000141e-03
2.352750980000000141e+02 1.063910400000000079e-03
2.353162729999999954e+02 1.042424320000000151e-03
2.353574490000000026e+02 1.021242880000000066e-03
2.353986250000000098e+02 1.011100160000000031e-03
2.354398009999999886e+02 9.973555200000002070e-04
2.354809759999999983e+02 9.883596800000001709e-04
2.355221520000000055e+02 9.814425600000002692e-04
2.355633280000000127e+02 9.841126400000001391e-04
2.356045039999999915e+02 1.010311680000000167e-03
2.356456790000000012e+02 1.005670400000000094e-03
2.356868550000000084e+02 1.006010880000000277e-03
2.357280309999999872e+02 1.006566400000000324e-03
2.357692069999999944e+02 1.007749120000000229e-03
2.358103820000000042e+02 1.046510080000000176e-03
2.358515580000000114e+02 1.021081600000000060e-03
2.358927339999999901e+02 1.006817280000000094e-03
2.359339089999999999e+02 9.992371200000002129e-04
2.359750850000000071e+02 9.943987200000002288e-04
2.360162609999999859e+02 9.949900800000001811e-04
2.360574369999999931e+02 9.954022400000001741e-04
2.360986120000000028e+02 1.002516480000000204e-03
2.361397880000000100e+02 1.003072000000000252e-03
2.361809639999999888e+02 1.012426240000000206e-03
2.362221399999999960e+02 1.004756480000000129e-03
2.362633150000000057e+02 1.012695040000000145e-03
2.363044910000000129e+02 1.014397440000000192e-03
2.363456669999999917e+02 1.016494080000000062e-03
2.363868429999999989e+02 1.006046720000000182e-03
2.364280180000000087e+02 1.012677119999999976e-03
2.364691939999999875e+02 1.027210240000000314e-03
2.365103699999999947e+02 1.040005120000000267e-03
2.365515450000000044e+02 1.056168960000000191e-03
2.365927210000000116e+02 1.070397440000000252e-03
2.366338969999999904e+02 1.089088000000000209e-03
2.366750729999999976e+02 1.102976000000000303e-03
2.367162480000000073e+02 1.116290559999999965e-03
2.367574239999999861e+02 1.128852480000000101e-03
2.367985999999999933e+02 1.140034560000000204e-03
2.368397760000000005e+02 1.150894080000000076e-03
2.368809510000000103e+02 1.154298880000000169e-03
2.369221269999999890e+02 1.161896960000000220e-03
2.369633029999999962e+02 1.171197440000000100e-03
2.370044790000000035e+02 1.136558080000000083e-03
2.370456540000000132e+02 1.160248320000000248e-03
2.370868299999999920e+02 1.197432320000000249e-03
2.371280059999999992e+02 1.229652480000000166e-03
2.371691820000000064e+02 1.251712000000000094e-03
2.372103569999999877e+02 1.278054400000000175e-03
2.372515329999999949e+02 1.296709120000000227e-03
2.372927090000000021e+02 1.318464000000000094e-03
2.373338840000000118e+02 1.335416320000000099e-03
2.373750599999999906e+02 1.346831360000000019e-03
2.374162359999999978e+02 1.360110080000000209e-03
2.374574120000000050e+02 1.370772480000000170e-03
2.374985869999999863e+02 1.378119680000000234e-03
2.375397629999999936e+02 1.383352320000000258e-03
2.375809390000000008e+02 1.353999360000000341e-03
2.376221150000000080e+02 1.368693760000000252e-03
2.376632899999999893e+02 1.443097600000000161e-03
2.377044659999999965e+02 1.464028160000000259e-03
2.377456420000000037e+02 1.481500160000000189e-03
2.377868180000000109e+02 1.498560000000000126e-03
2.378279929999999922e+02 1.513200640000000180e-03
2.378691689999999994e+02 1.527554560000000342e-03
2.379103450000000066e+02 1.536209920000000196e-03
2.379515199999999879e+02 1.549524480000000291e-03
2.379926959999999951e+02 1.557230080000000273e-03
2.380338720000000023e+02 1.565975040000000323e-03
2.380750480000000096e+02 1.570365440000000192e-03
2.381162229999999909e+02 1.578554880000000195e-03
2.381573989999999981e+02 1.585794560000000327e-03
2.381985750000000053e+02 1.593966080000000377e-03
2.382397510000000125e+02 1.603768320000000230e-03
2.382809259999999938e+02 1.611205120000000057e-03
2.383221020000000010e+02 1.660538880000000201e-03
2.383632780000000082e+02 1.833036800000000183e-03
2.384044539999999870e+02 1.809346560000000236e-03
2.384456289999999967e+02 1.795512320000000432e-03
2.384868050000000039e+02 1.784151040000000370e-03
2.385279810000000111e+02 1.782914560000000174e-03
2.385691559999999924e+02 1.780513280000000026e-03
2.386103319999999997e+02 1.781534720000000358e-03
2.386515080000000069e+02 1.782305280000000269e-03
2.386926840000000141e+02 1.779438080000000271e-03
2.387338589999999954e+02 1.786624000000000328e-03
2.387750350000000026e+02 1.790333440000000048e-03
2.388162110000000098e+02 1.794777600000000209e-03
2.388573869999999886e+02 1.797913600000000146e-03
2.388985619999999983e+02 1.807877120000000440e-03
2.389397380000000055e+02 1.816317440000000429e-03
2.389809140000000127e+02 1.830080000000000205e-03
2.390220899999999915e+02 1.842641920000000341e-03
2.390632650000000012e+02 1.870579200000000320e-03
2.391044410000000084e+02 1.871994880000000475e-03
2.391456169999999872e+02 1.873088000000000183e-03
2.391867929999999944e+02 1.876241920000000073e-03
2.392279680000000042e+02 1.878302720000000255e-03
2.392691440000000114e+02 1.883302400000000246e-03
2.393103199999999902e+02 1.891420160000000222e-03
2.393514949999999999e+02 1.899627520000000394e-03
2.393926710000000071e+02 1.906867200000000092e-03
2.394338469999999859e+02 1.915217920000000318e-03
2.394750229999999931e+02 1.924787200000000137e-03
2.395161980000000028e+02 1.931829760000000357e-03
2.395573740000000100e+02 1.939947520000000333e-03
2.395985499999999888e+02 1.947796480000000370e-03
2.396397259999999960e+02 1.958225920000000297e-03
2.396809010000000058e+02 1.964981760000000625e-03
2.397220770000000130e+02 1.972364800000000161e-03
2.397632529999999917e+02 1.819202560000000380e-03
2.398044289999999990e+02 1.862407680000000270e-03
2.398456040000000087e+02 1.892119040000000323e-03
2.398867799999999875e+02 1.911239680000000225e-03
2.399279559999999947e+02 1.898014720000000110e-03
2.399691310000000044e+02 1.943925760000000426e-03
2.400103070000000116e+02 1.968924160000000163e-03
2.400514829999999904e+02 1.990177280000000274e-03
2.400926589999999976e+02 2.002291200000000295e-03
2.401338340000000073e+02 2.024081920000000284e-03
2.401750099999999861e+02 2.040120320000000324e-03
2.402161859999999933e+02 2.049635840000000285e-03
2.402573620000000005e+02 2.064348160000000366e-03
2.402985370000000103e+02 2.073720320000000273e-03
2.403397129999999891e+02 2.081336320000000493e-03
2.403808889999999963e+02 2.089740800000000360e-03
2.404220650000000035e+02 2.094579200000000127e-03
2.404632400000000132e+02 2.098127360000000274e-03
2.405044159999999920e+02 2.125258240000000003e-03
2.405455919999999992e+02 2.150883840000000248e-03
2.405867680000000064e+02 2.155811840000000212e-03
2.406279429999999877e+02 2.156887040000000401e-03
2.406691189999999949e+02 2.154270720000000389e-03
2.407102950000000021e+02 2.124344320000000255e-03
2.407514700000000119e+02 2.029207040000000160e-03
2.407926459999999906e+02 2.105295360000000379e-03
2.408338219999999978e+02 2.127820800000000158e-03
2.408749980000000050e+02 2.138286080000000207e-03
2.409161729999999864e+02 2.142300160000000422e-03
2.409573489999999936e+02 2.150041600000000309e-03
2.409985250000000008e+02 2.153446400000000403e-03
2.410397010000000080e+02 2.157191680000000028e-03
2.410808759999999893e+02 2.154163200000000240e-03
2.411220519999999965e+02 2.158320640000000509e-03
2.411632280000000037e+02 2.157800960000000583e-03
2.412044040000000109e+02 2.157209600000000414e-03
2.412455789999999922e+02 2.155220480000000043e-03
2.412867549999999994e+02 2.305157120000000340e-03
2.413279310000000066e+02 2.300121600000000228e-03
2.413691059999999879e+02 2.286215680000000181e-03
2.414102819999999952e+02 2.265840640000000347e-03
2.414514580000000024e+02 2.261898240000000376e-03
2.414926340000000096e+02 2.249228800000000524e-03
2.415338089999999909e+02 2.246433280000000119e-03
2.415749849999999981e+02 2.250357760000000137e-03
2.416161610000000053e+02 2.264389120000000286e-03
2.416573370000000125e+02 2.262758400000000267e-03
2.416985119999999938e+02 2.263528959999999961e-03
2.417396880000000010e+02 2.264747520000000205e-03
2.417808640000000082e+02 2.264442880000000144e-03
2.418220399999999870e+02 2.272954880000000594e-03
2.418632149999999967e+02 2.276807680000000368e-03
2.419043910000000039e+02 2.281036800000000447e-03
2.419455670000000111e+02 2.289638400000000660e-03
2.419867419999999925e+02 2.295569920000000135e-03
2.420279179999999997e+02 2.539927040000000257e-03
2.420690940000000069e+02 2.473031679999999986e-03
2.421102700000000141e+02 2.409756160000000105e-03
2.421514449999999954e+02 2.403179520000000603e-03
2.421926210000000026e+02 2.353774080000000431e-03
2.422337970000000098e+02 2.349885440000000318e-03
2.422749729999999886e+02 2.321410560000000244e-03
2.423161479999999983e+02 2.326320640000000255e-03
2.423573240000000055e+02 2.315299840000000376e-03
2.423985000000000127e+02 2.340316160000000499e-03
2.424396759999999915e+02 2.346265600000000361e-03
2.424808510000000012e+02 2.362734080000000562e-03
2.425220270000000085e+02 2.357608960000000253e-03
2.425632029999999872e+02 2.356730880000000410e-03
2.426043789999999944e+02 2.366784000000000682e-03
2.426455540000000042e+02 2.390062080000000203e-03
2.426867300000000114e+02 2.419970560000000385e-03
2.427279059999999902e+02 2.420508160000000696e-03
2.427690809999999999e+02 2.436224000000000289e-03
2.428102570000000071e+02 1.823879680000000140e-03
2.428514329999999859e+02 1.894645760000000356e-03
2.428926089999999931e+02 2.010247680000000047e-03
2.429337840000000028e+02 2.108162560000000161e-03
2.429749600000000100e+02 2.176599040000000256e-03
2.430161359999999888e+02 2.269335040000000202e-03
2.430573119999999960e+02 2.329044480000000417e-03
2.430984870000000058e+02 2.410616319999999996e-03
2.431396630000000130e+02 2.461939200000000296e-03
2.431808389999999918e+02 2.529676800000000506e-03
2.432220149999999990e+02 2.569978880000000493e-03
2.432631900000000087e+02 2.619545600000000671e-03
2.433043659999999875e+02 2.617018880000000422e-03
2.433455419999999947e+02 2.675617280000000542e-03
2.433867170000000044e+02 2.686225920000000645e-03
2.434278930000000116e+02 2.719216640000000473e-03
2.434690689999999904e+02 2.785950720000000304e-03
2.435102449999999976e+02 2.840552960000000161e-03
2.435514200000000073e+02 2.864171520000000082e-03
2.435925959999999861e+02 2.922752000000000683e-03
2.436337719999999933e+02 2.957104640000000374e-03
2.436749480000000005e+02 3.075161600000000505e-03
2.437161230000000103e+02 3.242355200000000218e-03
2.437572989999999891e+02 3.515276800000000611e-03
2.437984749999999963e+02 3.682882560000000968e-03
2.438396510000000035e+02 3.892241920000000070e-03
2.438808260000000132e+02 4.168460800000000840e-03
2.439220019999999920e+02 4.229854720000000498e-03
2.439631779999999992e+02 4.162905600000000803e-03
2.440043530000000089e+02 4.142548480000000054e-03
2.440455289999999877e+02 4.336389119999999910e-03
2.440867049999999949e+02 4.025423360000000492e-03
2.441278810000000021e+02 3.672112640000000424e-03
2.441690560000000119e+02 3.220904960000000195e-03
2.442102319999999906e+02 3.262927360000000398e-03
2.442514079999999979e+02 2.850874880000000156e-03
2.442925840000000051e+02 2.446904320000000202e-03
2.443337589999999864e+02 2.030461440000000308e-03
2.443749349999999936e+02 1.509509120000000195e-03
2.444161110000000008e+02 4.694412800000000510e-03
2.444572870000000080e+02 3.788055040000000515e-03
2.444984619999999893e+02 3.557603840000000441e-03
2.445396379999999965e+02 3.356129280000000412e-03
2.445808140000000037e+02 3.235527680000000513e-03
2.446219900000000109e+02 3.017817600000000534e-03
2.446631649999999922e+02 3.239685120000000348e-03
2.447043409999999994e+02 2.848867840000000266e-03
2.447455170000000066e+02 2.648647680000000386e-03
2.447866919999999880e+02 2.481131520000000226e-03
2.448278679999999952e+02 2.424791040000000199e-03
2.448690440000000024e+02 2.347537920000000028e-03
2.449102200000000096e+02 2.334940160000000420e-03
2.449513949999999909e+02 2.158033920000000400e-03
2.449925709999999981e+02 1.917045760000000250e-03
2.450337470000000053e+02 2.112570880000000199e-03
2.450749230000000125e+02 2.166277120000000261e-03
2.451160979999999938e+02 2.243924480000000256e-03
2.451572740000000010e+02 2.386693120000000449e-03
2.451984500000000082e+02 2.455255040000000645e-03
2.452396259999999870e+02 2.504230400000000221e-03
2.452808009999999967e+02 2.739555840000000402e-03
2.453219770000000040e+02 2.923612160000000574e-03
2.453631530000000112e+02 2.905745920000000603e-03
2.454043279999999925e+02 2.815859200000000485e-03
2.454455039999999997e+02 2.686279680000000503e-03
2.454866800000000069e+02 9.750809600000000894e-04
2.455278560000000141e+02 9.437747200000001389e-04
2.455690309999999954e+02 1.067440640000000057e-03
2.456102070000000026e+02 1.224921600000000114e-03
2.456513830000000098e+02 1.470515200000000215e-03
2.456925589999999886e+02 1.756482560000000330e-03
2.457337339999999983e+02 2.224606720000000658e-03
2.457749100000000055e+02 2.257758720000000059e-03
2.458160860000000127e+02 2.431869440000000108e-03
2.458572619999999915e+02 2.163015680000000222e-03
2.458984370000000013e+02 2.330048000000000362e-03
2.459396130000000085e+02 2.614868480000000477e-03
2.459807889999999873e+02 2.703285760000000149e-03
2.460219649999999945e+02 2.811737600000000555e-03
2.460631400000000042e+02 2.823636480000000278e-03
2.461043160000000114e+02 2.838420480000000603e-03
2.461454919999999902e+02 3.064320000000000151e-03
2.461866669999999999e+02 3.169850880000000485e-03
2.462278430000000071e+02 3.152128000000000135e-03
2.462690189999999859e+02 3.144977920000000416e-03
2.463101949999999931e+02 3.140892160000000825e-03
2.463513700000000028e+02 3.303982080000000560e-03
2.463925460000000101e+02 3.256673280000000475e-03
2.464337219999999888e+02 3.253483520000000247e-03
2.464748979999999960e+02 3.299197440000000651e-03
2.465160730000000058e+02 3.237463040000000594e-03
2.465572490000000130e+02 3.334195200000000369e-03
2.465984249999999918e+02 3.116126720000000471e-03
2.466396009999999990e+02 3.267819520000000456e-03
2.466807760000000087e+02 3.396700160000000555e-03
2.467219519999999875e+02 3.638960640000000590e-03
2.467631279999999947e+02 3.880737280000000171e-03
2.468043030000000044e+02 4.163461120000000633e-03
2.468454790000000116e+02 4.248491520000000597e-03
2.468866549999999904e+02 4.308864000000000791e-03
2.469278309999999976e+02 4.141992960000000223e-03
2.469690060000000074e+02 6.516787200000000516e-03
2.470101819999999861e+02 5.603261440000000849e-03
2.470513579999999934e+02 4.950095360000000139e-03
2.470925340000000006e+02 4.370437120000000841e-03
2.471337090000000103e+02 3.618728960000000376e-03
2.471748849999999891e+02 2.981404160000000227e-03
2.472160609999999963e+02 2.339545600000000371e-03
2.472572370000000035e+02 1.600058880000000293e-03
2.472984120000000132e+02 9.387571200000001956e-04
2.473395879999999920e+02 3.577907200000000247e-04
2.473807639999999992e+02 -2.944112640000000509e-03
2.474219390000000089e+02 -2.101800960000000523e-03
2.474631149999999877e+02 -2.783083520000000522e-03
2.475042909999999949e+02 -3.184043520000000207e-03
2.475454670000000021e+02 -4.250355200000000867e-03
2.475866420000000119e+02 -5.693506560000000452e-03
2.476278179999999907e+02 -7.584407040000001182e-03
2.476689939999999979e+02 -9.166133760000000352e-03
2.477101700000000051e+02 -1.128667904000000242e-02
2.477513449999999864e+02 -1.439635456000000133e-02
2.477925209999999936e+02 -1.574277376000000200e-02
2.478336970000000008e+02 -1.749047552000000325e-02
2.478748730000000080e+02 -1.908813312000000317e-02
2.479160479999999893e+02 -2.010683136000000412e-02
2.479572239999999965e+02 -2.324845824000000560e-02
2.479984000000000037e+02 -2.497535488000000511e-02
2.480395760000000109e+02 -2.686448128000000490e-02
2.480807509999999922e+02 -2.926060032000000338e-02
2.481219269999999995e+02 -3.191790336000000644e-02
2.481631030000000067e+02 -3.495593472000000507e-02
2.482042779999999880e+02 -3.895048192000000187e-02
2.482454539999999952e+02 -4.295687424000001198e-02
2.482866300000000024e+02 -4.219079424000000966e-02
2.483278060000000096e+02 -3.461264128000000190e-02
2.483689809999999909e+02 -2.110766336000000423e-02
2.484101569999999981e+02 -2.110615808000000301e-02
2.484513330000000053e+02 -1.869222656000000052e-02
2.484925090000000125e+02 -1.656566016000000224e-02
2.485336839999999938e+02 -1.492870400000000097e-02
2.485748600000000010e+02 -1.347085824000000126e-02
2.486160360000000082e+02 -1.288799232000000135e-02
2.486572119999999870e+02 -1.286991104000000108e-02
2.486983869999999968e+02 -1.166948608000000116e-02
2.487395630000000040e+02 -1.156784384000000138e-02
2.487807390000000112e+02 -9.527257600000000118e-03
2.488219139999999925e+02 -8.552785920000001776e-03
2.488630899999999997e+02 -7.890964480000000128e-03
2.489042660000000069e+02 -7.508856320000000840e-03
2.489454420000000141e+02 -6.873108480000000853e-03
2.489866169999999954e+02 -6.519672320000000250e-03
2.490277930000000026e+02 -6.299363840000000644e-03
2.490689690000000098e+02 -5.976284160000001205e-03
2.491101449999999886e+02 -3.635466240000000300e-03
2.491513199999999983e+02 -3.496084480000000248e-03
2.491924960000000056e+02 -3.747932160000000922e-03
2.492336720000000128e+02 -3.556636160000000834e-03
2.492748479999999915e+02 -3.383116800000000521e-03
2.493160230000000013e+02 -3.069552640000000176e-03
2.493571990000000085e+02 -2.315317760000000329e-03
2.493983749999999873e+02 -2.214822400000000108e-03
2.494395499999999970e+02 -1.671129600000000135e-03
2.494807260000000042e+02 -2.144540160000000129e-03
2.495219020000000114e+02 -2.371514880000000301e-03
2.495630779999999902e+02 -4.053504000000001176e-03
2.496042529999999999e+02 -2.334635520000000360e-03
2.496454290000000071e+02 -1.595095040000000207e-03
2.496866049999999859e+02 -7.970278400000000698e-04
2.497277809999999931e+02 -1.067494400000000213e-04
2.497689560000000029e+02 4.990899200000000965e-04
2.498101320000000101e+02 8.266137600000001296e-04
2.498513079999999889e+02 1.415697920000000059e-03
2.498924839999999961e+02 1.554183680000000315e-03
2.499336590000000058e+02 1.519329280000000218e-03
2.499748350000000130e+02 1.291619840000000257e-03
2.500160109999999918e+02 7.141120000000000367e-04
2.500571869999999990e+02 2.826700800000000080e-04
2.500983620000000087e+02 -3.003212800000000602e-04
2.501395379999999875e+02 -8.175641600000001273e-04
2.501807139999999947e+02 -1.248826880000000143e-03
2.502218890000000044e+02 -1.167918080000000325e-03
2.502630650000000117e+02 -9.115187200000001008e-04
2.503042409999999904e+02 -5.917542400000001248e-04
2.503454169999999976e+02 -3.034572800000000519e-04
2.503865920000000074e+02 -3.050521600000000578e-04
2.504277679999999862e+02 -3.516441600000000888e-04
2.504689439999999934e+02 -1.913856000000000129e-04
2.505101200000000006e+02 -1.860812800000000156e-04
2.505512950000000103e+02 -3.185459200000000579e-04
2.505924709999999891e+02 -2.076748800000000387e-04
2.506336469999999963e+02 -3.504972800000000352e-04
2.506748230000000035e+02 -3.568409600000000455e-04
2.507159980000000132e+02 -3.999027200000000444e-04
2.507571739999999920e+02 -5.425459200000000816e-04
2.507983499999999992e+02 -6.459084800000000843e-04
2.508395250000000090e+02 -3.759616000000000563e-04
2.508807009999999877e+02 1.037388800000000228e-04
2.509218769999999950e+02 7.156710400000001375e-04
2.509630530000000022e+02 1.257446400000000091e-03
2.510042280000000119e+02 1.952796160000000144e-03
2.510454039999999907e+02 2.160076800000000196e-03
2.510865799999999979e+02 2.352107520000000073e-03
2.511277560000000051e+02 2.187888640000000291e-03
2.511689309999999864e+02 2.582056960000000609e-03
2.512101069999999936e+02 2.552739840000000596e-03
2.512512830000000008e+02 2.412282880000000355e-03
2.512924590000000080e+02 2.454860800000000388e-03
2.513336339999999893e+02 2.368110080000000207e-03
2.513748099999999965e+02 2.342108160000000092e-03
2.514159860000000037e+02 1.473830400000000112e-03
2.514571610000000135e+02 2.472601600000000257e-04
2.514983369999999923e+02 -7.040947200000001027e-04
2.515395129999999995e+02 -1.217861120000000158e-03
2.515806890000000067e+02 -2.029242880000000498e-03
2.516218639999999880e+02 -2.527669760000000182e-03
2.516630399999999952e+02 -2.633254400000000373e-03
2.517042160000000024e+02 -2.793943040000000395e-03
2.517453920000000096e+02 -2.428482560000000401e-03
2.517865669999999909e+02 -2.323220480000000223e-03
2.518277429999999981e+02 -2.162782720000000405e-03
2.518689190000000053e+02 -2.385205760000000483e-03
2.519100950000000125e+02 -3.234004480000000643e-03
2.519512699999999938e+02 -3.631183360000000363e-03
2.519924460000000010e+02 -4.015083520000000544e-03
2.520336220000000083e+02 -4.152977920000001065e-03
2.520747979999999870e+02 -4.175628800000000945e-03
2.521159729999999968e+02 -4.229568000000000390e-03
2.521571490000000040e+02 -4.304670720000000617e-03
2.521983250000000112e+02 -4.367767040000000538e-03
2.522394999999999925e+02 -4.380024320000001047e-03
2.522806759999999997e+02 -4.391439360000000749e-03
2.523218520000000069e+02 -4.293506560000001117e-03
2.523630280000000141e+02 -4.283345920000000695e-03
2.524042029999999954e+02 -3.641361920000000304e-03
2.524453790000000026e+02 -3.398259200000000330e-03
2.524865550000000098e+02 -3.075072000000000742e-03
2.525277309999999886e+02 -2.801254400000000554e-03
2.525689059999999984e+02 -2.433518080000000080e-03
2.526100820000000056e+02 -1.969228800000000657e-03
2.526512580000000128e+02 -2.144235520000000068e-03
2.526924339999999916e+02 -2.123072000000000587e-03
2.527336090000000013e+02 -2.923289600000000561e-03
2.527747850000000085e+02 -3.478254080000000616e-03
2.528159609999999873e+02 -2.851018240000000210e-03
2.528571359999999970e+02 -2.521308160000000111e-03
2.528983120000000042e+02 -2.190254080000000533e-03
2.529394880000000114e+02 -1.831961600000000428e-03
2.529806639999999902e+02 -1.730964480000000234e-03
2.530218389999999999e+02 -1.629949440000000088e-03
2.530630150000000071e+02 -1.307891200000000113e-03
2.531041909999999859e+02 -1.009218560000000242e-03
2.531453669999999931e+02 -6.528972800000001214e-04
2.531865420000000029e+02 -5.243212800000000839e-04
2.532277180000000101e+02 -6.208025600000000900e-04
2.532688939999999889e+02 -3.189760000000000102e-06
2.533100699999999961e+02 9.871052800000002393e-04
2.533512450000000058e+02 -3.254272000000000544e-04
2.533924210000000130e+02 -5.142860800000000890e-04
2.534335969999999918e+02 -6.113766400000001083e-04
2.534747729999999990e+02 -6.471449600000000633e-04
2.535159480000000087e+02 -7.345228800000001010e-04
2.535571239999999875e+02 -7.941427200000001187e-04
2.535982999999999947e+02 -8.517555200000001374e-04
2.536394750000000045e+02 -8.977203199999999857e-04
2.536806510000000117e+02 -7.210112000000000942e-04
2.537218269999999904e+02 -8.086400000000001182e-04
2.537630029999999977e+02 -8.711628800000000396e-04
2.538041780000000074e+02 -9.383987200000001687e-04
2.538453539999999862e+02 -9.902950400000000344e-04
2.538865299999999934e+02 -1.050255360000000235e-03
2.539277060000000006e+02 -1.088263680000000223e-03
2.539688810000000103e+02 -1.137239040000000232e-03
2.540100569999999891e+02 -1.179118080000000164e-03
2.540512329999999963e+02 -1.220907520000000116e-03
2.540924090000000035e+02 -1.288842240000000238e-03
2.541335840000000132e+02 -1.398458880000000163e-03
2.541747599999999920e+02 -1.454405120000000365e-03
2.542159359999999992e+02 -1.340075520000000124e-03
2.542571110000000090e+02 -1.290849280000000128e-03
2.542982869999999878e+02 -1.254364160000000228e-03
2.543394629999999950e+02 -1.208130560000000115e-03
2.543806390000000022e+02 -1.212270080000000215e-03
2.544218140000000119e+02 -1.207288320000000177e-03
2.544629899999999907e+02 -1.207216640000000150e-03
2.545041659999999979e+02 -1.211517440000000039e-03
2.545453420000000051e+02 -1.222914560000000223e-03
2.545865169999999864e+02 -9.642393600000001693e-04
2.546276929999999936e+02 -1.038428160000000105e-03
2.546688690000000008e+02 -1.078819840000000072e-03
2.547100450000000080e+02 -1.125196800000000238e-03
2.547512199999999893e+02 -1.150804480000000097e-03
2.547923959999999965e+02 -1.196303360000000203e-03
2.548335720000000038e+02 -1.208076800000000258e-03
2.548747470000000135e+02 -1.254650880000000336e-03
2.549159229999999923e+02 -1.258288640000000246e-03
2.549570989999999995e+02 -1.404408320000000241e-03
2.549982750000000067e+02 -1.216409600000000315e-03
2.550394499999999880e+02 -1.132149760000000045e-03
2.550806259999999952e+02 -1.078551040000000133e-03
2.551218020000000024e+02 -1.040094720000000030e-03
2.551629780000000096e+02 -1.010186240000000065e-03
2.552041529999999909e+02 -9.771776000000000680e-04
2.552453289999999981e+02 -9.502438400000001424e-04
2.552865050000000053e+02 -9.261772800000001070e-04
2.553276810000000125e+02 -9.063398400000001508e-04
2.553688559999999939e+02 -8.789043200000000357e-04
2.554100320000000011e+02 -8.647833600000001241e-04
2.554512080000000083e+02 -8.406988800000001361e-04
2.554923839999999871e+02 -7.712230400000001911e-04
2.555335589999999968e+02 -7.709542400000000354e-04
2.555747350000000040e+02 -7.693952000000001514e-04
2.556159110000000112e+02 -7.763660800000001276e-04
2.556570859999999925e+02 -7.715635200000001571e-04
2.556982619999999997e+02 -7.833190400000000428e-04
2.557394380000000069e+02 -7.945548800000001117e-04
2.557806140000000141e+02 -8.452505600000001203e-04
2.558217889999999954e+02 -7.923148800000000790e-04
2.558629650000000026e+02 -7.715276800000000351e-04
2.559041410000000099e+02 -7.543244800000001521e-04
2.559453169999999886e+02 -7.384473600000001194e-04
2.559864919999999984e+02 -7.251507200000000854e-04
2.560276680000000056e+02 -7.121408000000001596e-04
2.560688440000000128e+02 -6.945254400000000668e-04
2.561100200000000200e+02 -6.809241600000000803e-04
2.561511949999999729e+02 -6.696166400000000928e-04
2.561923709999999801e+02 -6.492953600000001164e-04
2.562335469999999873e+02 -6.340275200000000970e-04
2.562747219999999970e+02 -6.259993600000001010e-04
2.563158980000000042e+02 -6.054451200000000909e-04
2.563570740000000114e+02 -7.062630400000001083e-04
2.563982500000000186e+02 -6.675379200000000667e-04
2.564394250000000284e+02 -6.469299200000000905e-04
2.564806009999999787e+02 -6.224870400000000756e-04
2.565217769999999859e+02 -5.974169600000000949e-04
2.565629529999999932e+02 -6.317158400000000371e-04
2.566041280000000029e+02 -5.775795200000001387e-04
2.566453040000000101e+02 -5.444633600000001010e-04
2.566864800000000173e+02 -5.201996800000001538e-04
2.567276560000000245e+02 -5.008281600000000482e-04
2.567688309999999774e+02 -4.812953600000000444e-04
2.568100069999999846e+02 -4.616192000000000407e-04
2.568511829999999918e+02 -4.419072000000000234e-04
2.568923580000000015e+02 -4.264601600000000447e-04
2.569335340000000087e+02 -4.092928000000000668e-04
2.569747100000000160e+02 -4.000819200000000578e-04
2.570158860000000232e+02 -3.902438400000000289e-04
2.570570609999999760e+02 -3.785241600000000483e-04
2.570982369999999833e+02 -3.699763200000000729e-04
2.571394129999999905e+02 -3.741696000000000843e-04
2.571805889999999977e+02 -4.060672000000000955e-04
2.572217640000000074e+02 -3.917491200000000552e-04
2.572629400000000146e+02 -4.099737600000000529e-04
2.573041160000000218e+02 -4.463692800000000280e-04
2.573452919999999722e+02 -4.471398400000000479e-04
2.573864669999999819e+02 -3.887744000000000161e-04
2.574276429999999891e+02 -3.530240000000000136e-04
2.574688189999999963e+02 -3.262694400000000472e-04
2.575099950000000035e+02 -3.011635199999999988e-04
2.575511700000000133e+02 -2.815052800000000560e-04
2.575923460000000205e+02 -2.636211200000000243e-04
2.576335220000000277e+02 -2.419916800000000419e-04
2.576746969999999806e+02 -2.272793600000000424e-04
2.577158729999999878e+02 -2.127104000000000158e-04
2.577570489999999950e+02 -2.003097600000000491e-04
2.577982250000000022e+02 -1.905971200000000404e-04
2.578394000000000119e+02 -1.893785600000000410e-04
2.578805760000000191e+02 -1.795046400000000256e-04
2.579217520000000263e+02 -1.716198400000000296e-04
2.579629279999999767e+02 -1.696665600000000238e-04
2.580041029999999864e+02 -8.107008000000001375e-05
2.580452789999999936e+02 -9.182208000000000839e-05
2.580864550000000008e+02 -7.288064000000001106e-05
2.581276310000000080e+02 -5.791744000000001176e-05
2.581688060000000178e+02 -5.128704000000000829e-05
2.582099820000000250e+02 -4.868864000000000281e-05
2.582511579999999753e+02 -4.354560000000000537e-05
2.582923329999999851e+02 -3.195136000000000438e-05
2.583335089999999923e+02 -2.557184000000000418e-05
2.583746849999999995e+02 -1.748992000000000144e-05
2.584158610000000067e+02 -6.684160000000000900e-06
2.584570360000000164e+02 1.308160000000000194e-06
2.584982120000000236e+02 1.526784000000000255e-05
2.585393879999999740e+02 2.711296000000000680e-05
2.585805639999999812e+02 3.732736000000000170e-05
2.586217389999999909e+02 4.816896000000000984e-05
2.586629149999999981e+02 6.752256000000000696e-05
2.587040910000000054e+02 9.201920000000001507e-05
2.587452670000000126e+02 9.949184000000000456e-05
2.587864420000000223e+02 1.662617600000000390e-04
2.588276179999999727e+02 1.690931200000000240e-04
2.588687939999999799e+02 1.704012800000000302e-04
2.589099699999999871e+02 1.759923200000000274e-04
2.589511449999999968e+02 1.850060800000000161e-04
2.589923210000000040e+02 1.958297600000000107e-04
2.590334970000000112e+02 2.071014400000000390e-04
2.590746720000000209e+02 2.167424000000000206e-04
2.591158480000000282e+02 2.301107200000000275e-04
2.591570239999999785e+02 2.434432000000000208e-04
2.591981999999999857e+02 2.539264000000000495e-04
2.592393749999999955e+02 2.658611200000000571e-04
2.592805510000000027e+02 2.752332800000000185e-04
2.593217270000000099e+02 2.825625600000000216e-04
2.593629030000000171e+02 2.883865600000000526e-04
2.594040780000000268e+02 2.824908799999999946e-04
2.594452539999999772e+02 3.306777600000000315e-04
2.594864299999999844e+02 3.274342400000000534e-04
2.595276059999999916e+02 3.092275200000000083e-04
2.595687810000000013e+02 3.298534400000000455e-04
2.596099570000000085e+02 3.480601600000000364e-04
2.596511330000000157e+02 3.620019200000000430e-04
2.596923080000000255e+02 3.776281600000000894e-04
2.597334839999999758e+02 3.905843200000000490e-04
2.597746599999999830e+02 4.013184000000000369e-04
2.598158359999999902e+02 4.137728000000000781e-04
2.598570110000000000e+02 4.180556800000000692e-04
2.598981870000000072e+02 4.244710400000000525e-04
2.599393630000000144e+02 4.191129600000000890e-04
2.599805390000000216e+02 4.063718400000000479e-04
2.600217139999999745e+02 3.834700800000000729e-04
2.600628899999999817e+02 3.399244800000000540e-04
2.601040659999999889e+02 2.893363200000000318e-04
2.601452419999999961e+02 3.322547200000000307e-04
2.601864170000000058e+02 3.431680000000000320e-04
2.602275930000000130e+02 3.554432000000000598e-04
2.602687690000000202e+02 3.737216000000000778e-04
2.603099439999999731e+02 3.814630400000000739e-04
2.603511199999999803e+02 3.820185600000000127e-04
2.603922959999999875e+02 3.880576000000000706e-04
2.604334719999999948e+02 3.850470400000000721e-04
2.604746470000000045e+02 3.824844800000000260e-04
2.605158230000000117e+02 3.764096000000000629e-04
2.605569990000000189e+02 3.540992000000000401e-04
2.605981750000000261e+02 3.370214400000000419e-04
2.606393499999999790e+02 3.057510400000000507e-04
2.606805259999999862e+02 2.706099200000000615e-04
2.607217019999999934e+02 2.867916800000000466e-04
2.607628780000000006e+02 3.038694400000000449e-04
2.608040530000000103e+02 3.086899200000000764e-04
2.608452290000000175e+02 3.489024000000000292e-04
2.608864050000000248e+02 3.455872000000000241e-04
2.609275809999999751e+02 3.442611200000000654e-04
2.609687559999999849e+02 3.300147200000000522e-04
2.610099319999999921e+02 3.216102400000000225e-04
2.610511079999999993e+02 3.095142400000000624e-04
2.610922830000000090e+02 3.041024000000000786e-04
2.611334590000000162e+02 2.872934400000000735e-04
2.611746350000000234e+02 2.701798400000000075e-04
2.612158109999999738e+02 2.589619200000000537e-04
2.612569859999999835e+02 2.654668800000000166e-04
2.612981619999999907e+02 2.900710400000000382e-04
2.613393379999999979e+02 2.992460800000000336e-04
2.613805140000000051e+02 3.098368000000000216e-04
2.614216890000000149e+02 3.147648000000000394e-04
2.614628650000000221e+02 3.431500800000000253e-04
2.615040409999999724e+02 3.414476800000000329e-04
2.615452169999999796e+02 3.304985600000000180e-04
2.615863919999999894e+02 3.354444800000000427e-04
2.616275679999999966e+02 3.372723200000000282e-04
2.616687440000000038e+02 3.441177600000000112e-04
2.617099190000000135e+02 3.519129600000000277e-04
2.617510950000000207e+02 3.676467200000000605e-04
2.617922710000000279e+02 4.206361600000000679e-04
2.618334469999999783e+02 4.297036800000000769e-04
2.618746219999999880e+02 4.422118400000000843e-04
2.619157979999999952e+02 4.532864000000000381e-04
2.619569740000000024e+02 4.611712000000000341e-04
2.619981500000000096e+02 4.821196800000000847e-04
2.620393250000000194e+02 5.042329600000001414e-04
2.620805010000000266e+02 5.196262400000001540e-04
2.621216769999999769e+02 5.355571200000001529e-04
2.621628529999999841e+02 5.596416000000000324e-04
2.622040279999999939e+02 5.847654400000000877e-04
2.622452040000000011e+02 6.107494400000000340e-04
2.622863800000000083e+02 6.667673600000000467e-04
2.623275550000000180e+02 6.596352000000000639e-04
2.623687310000000252e+02 6.708531200000000718e-04
2.624099069999999756e+02 6.834329600000001604e-04
2.624510829999999828e+02 6.922316800000001763e-04
2.624922579999999925e+02 7.551308800000000772e-04
2.625334339999999997e+02 7.577830400000001030e-04
2.625746100000000069e+02 7.684992000000001383e-04
2.626157860000000142e+02 7.831936000000001580e-04
2.626569610000000239e+02 7.964723200000001311e-04
2.626981369999999743e+02 8.070630400000001732e-04
2.627393129999999815e+02 8.173670400000001071e-04
2.627804889999999887e+02 8.041958400000000663e-04
2.628216639999999984e+02 8.033177600000001141e-04
2.628628400000000056e+02 8.024576000000001146e-04
2.629040160000000128e+02 8.060236800000001060e-04
2.629451920000000200e+02 8.734208000000001334e-04
2.629863669999999729e+02 8.327603200000001198e-04
2.630275429999999801e+02 7.998054400000000888e-04
2.630687189999999873e+02 7.640550400000001947e-04
2.631098939999999970e+02 7.193088000000001560e-04
2.631510700000000043e+02 6.768563200000001162e-04
2.631922460000000115e+02 6.554240000000001540e-04
2.632334220000000187e+02 6.377011200000001290e-04
2.632745970000000284e+02 6.249779200000000947e-04
2.633157729999999788e+02 5.860915200000000463e-04
2.633569489999999860e+02 5.012224000000000887e-04
2.633981249999999932e+02 4.262988800000000380e-04
2.634393000000000029e+02 3.430784000000000524e-04
2.634804760000000101e+02 1.720320000000000226e-04
2.635216520000000173e+02 2.577254400000000205e-04
2.635628280000000245e+02 2.588902400000000267e-04
2.636040029999999774e+02 2.643020800000000646e-04
2.636451789999999846e+02 1.942169600000000251e-04
2.636863549999999918e+02 1.584844800000000293e-04
2.637275300000000016e+02 1.404928000000000112e-04
2.637687060000000088e+02 6.044416000000000372e-05
2.638098820000000160e+02 1.759027200000000206e-04
2.638510580000000232e+02 2.382284800000000573e-04
2.638922329999999761e+02 2.975078400000000819e-04
2.639334089999999833e+02 2.650905600000000371e-04
2.639745849999999905e+02 3.596902400000000373e-04
2.640157609999999977e+02 4.675686400000000648e-04
2.640569360000000074e+02 6.550297600000000052e-04
2.640981120000000146e+02 8.073139200000001596e-04
2.641392880000000218e+02 8.895488000000001524e-04
2.641804639999999722e+02 1.181895680000000183e-03
2.642216389999999819e+02 1.428887040000000270e-03
2.642628149999999891e+02 1.634680320000000140e-03
2.643039909999999963e+02 2.014620160000000181e-03
2.643451670000000036e+02 2.011107840000000372e-03
2.643863420000000133e+02 -1.654613336499200216e+02
2.644275180000000205e+02 -9.430915168998402578e+02
2.644686940000000277e+02 3.609643520000000577e-03
2.645098689999999806e+02 2.309203456000000557e-02
2.645510449999999878e+02 4.133131520000001002e-02
2.645922209999999950e+02 -8.778852096000000493e-02
2.646333970000000022e+02 7.599576320000001051e-02
2.646745720000000119e+02 -8.757107968000001075e-02
2.647157480000000191e+02 -4.424967680000000021e-03
2.647569240000000264e+02 -5.263967744000000448e-02
2.647980999999999767e+02 5.903224320000000774e-03
2.648392749999999864e+02 4.240085248000000084e-02
2.648804509999999937e+02 -8.654284800000001509e-04
2.649216270000000009e+02 -1.224696883200000058e-01
2.649628030000000081e+02 8.262017792000000971e-02
2.650039780000000178e+02 -4.613534464000000612e-02
2.650451540000000250e+02 -9.862003200000000330e-03
2.650863299999999754e+02 -4.090578688000000296e-02
2.651275049999999851e+02 1.494162432000000276e-02
2.651686809999999923e+02 -3.410806784000000591e-02
2.652098569999999995e+02 1.336317696000000228e-02
2.652510330000000067e+02 -1.644495104000000263e-02
2.652922080000000165e+02 -7.714667520000001964e-03
2.653333840000000237e+02 -5.467571200000000999e-04
2.653745599999999740e+02 2.853831680000000134e-02
2.654157359999999812e+02 -9.310497280000001527e-03
2.654569109999999910e+02 8.870256640000000886e-03
2.654980869999999982e+02 -1.076171264000000231e-02
2.655392630000000054e+02 6.208921600000000696e-04
2.655804390000000126e+02 6.196198400000000770e-04
2.656216140000000223e+02 6.100684800000001021e-04
2.656627899999999727e+02 5.994060800000001413e-04
2.657039659999999799e+02 5.919334400000000841e-04
2.657451409999999896e+02 5.834752000000000341e-04
2.657863169999999968e+02 5.751961600000000518e-04
2.658274930000000040e+02 5.670425600000000626e-04
2.658686690000000112e+02 5.587814400000000329e-04
2.659098440000000210e+02 5.514163200000000162e-04
2.659510200000000282e+02 5.358080000000000308e-04
2.659921959999999785e+02 5.346432000000000788e-04
2.660333719999999857e+02 5.287296000000000140e-04
2.660745469999999955e+02 5.225830400000000238e-04
2.661157230000000027e+02 5.144115200000000821e-04
2.661568990000000099e+02 5.096448000000000167e-04
2.661980750000000171e+02 5.028531199999999998e-04
2.662392500000000268e+02 4.969395200000000434e-04
2.662804259999999772e+02 4.913484800000001004e-04
2.663216019999999844e+02 4.853632000000000627e-04
2.663627779999999916e+02 4.797900800000000181e-04
2.664039530000000013e+02 4.742886400000000547e-04
2.664451290000000085e+02 4.653644800000000456e-04
2.664863050000000158e+02 4.633395200000000940e-04
2.665274800000000255e+02 4.551859200000000507e-04
2.665686559999999758e+02 4.529638400000000247e-04
2.666098319999999831e+02 4.478208000000000882e-04
2.666510079999999903e+02 4.433945600000000430e-04
2.666921830000000000e+02 4.386995200000000047e-04
2.667333590000000072e+02 4.340582400000000409e-04
2.667745350000000144e+02 4.295424000000000703e-04
2.668157110000000216e+02 4.237184000000000393e-04
2.668568859999999745e+02 4.205644800000000409e-04
2.668980619999999817e+02 4.099558400000000461e-04
2.669392379999999889e+02 4.112102400000000862e-04
2.669804139999999961e+02 4.052249600000000485e-04
2.670215890000000059e+02 3.957811200000000600e-04
2.670627650000000131e+02 3.998489600000000783e-04
2.671039410000000203e+02 3.951360000000000332e-04
2.671451159999999732e+02 3.903692800000000220e-04
2.671862919999999804e+02 3.881651200000000570e-04
2.672274679999999876e+02 3.851008000000000382e-04
2.672686439999999948e+02 3.814092800000000536e-04
2.673098190000000045e+02 3.773056000000000218e-04
2.673509950000000117e+02 3.744563200000000842e-04
2.673921710000000189e+02 3.709977600000000791e-04
2.674333470000000261e+02 3.676467200000000605e-04
2.674745219999999790e+02 3.636326400000000083e-04
2.675156979999999862e+02 3.594214400000000985e-04
2.675568739999999934e+02 3.578265600000000925e-04
2.675980500000000006e+02 3.544038400000000468e-04
2.676392250000000104e+02 3.516083200000000211e-04
2.676804010000000176e+02 3.478092800000000501e-04
2.677215770000000248e+02 3.450137600000000786e-04
2.677627519999999777e+02 3.413939200000000126e-04
2.678039279999999849e+02 3.396556800000000609e-04
2.678451039999999921e+02 3.367526400000000488e-04
2.678862799999999993e+02 3.339033600000000570e-04
2.679274550000000090e+02 3.308390400000000382e-04
2.679686310000000162e+02 3.281510400000000531e-04
2.680098070000000234e+02 3.257139200000000543e-04
2.680509829999999738e+02 3.216998400000000021e-04
2.680921579999999835e+02 3.198182400000000505e-04
2.681333339999999907e+02 3.145139200000000531e-04
