202.293334000000 0.000000000000
202.330392000000 0.000000000000
202.367450000000 0.000000000000
202.404509000000 0.000000000000
202.441567000000 0.000000000000
202.478625000000 0.000000000000
202.515683000000 0.000000000000
202.552741000000 0.000000000000
202.589799000000 0.000000000000
202.626858000000 0.000000000000
202.663916000000 0.000000000000
202.700974000000 0.000000000000
202.738032000000 0.000000000000
202.775090000000 0.000000000000
202.812148000000 0.000000000000
202.849207000000 0.000000000000
202.886265000000 0.000000000000
202.923323000000 0.000000000000
202.960381000000 0.000000000000
202.997439000000 0.000000000000
203.034497000000 0.000000000000
203.071555000000 0.000000000000
203.108614000000 0.000000000000
203.145672000000 0.000000000000
203.182730000000 0.000000000000
203.219788000000 0.000000000000
203.256846000000 0.000000000000
203.293904000000 0.000000000000
203.330963000000 0.000000000000
203.368021000000 0.000000000000
203.405079000000 0.000000000000
203.442137000000 0.000000000000
203.479195000000 0.000000000000
203.516253000000 0.000000000000
203.553312000000 0.000000000000
203.590370000000 0.000000000000
203.627428000000 0.000000000000
203.664486000000 0.000000000000
203.701544000000 0.000000000000
203.738602000000 0.000000000000
203.775661000000 0.000000000000
203.812719000000 0.000000000000
203.849777000000 0.000000000000
203.886835000000 0.000000000000
203.923893000000 0.000000000000
203.960951000000 0.000000000000
203.998010000000 0.000000000000
204.035068000000 0.000000000000
204.072126000000 0.000000000000
204.109184000000 0.000000000000
204.146242000000 0.000000000000
204.183300000000 0.000000000000
204.220358000000 0.000000000000
204.257417000000 0.000000000000
204.294475000000 0.000000000000
204.331533000000 0.000000000000
204.368591000000 0.000000000000
204.405649000000 0.000000000000
204.442707000000 0.000000000000
204.479766000000 0.000000000000
204.516824000000 0.000000000000
204.553882000000 0.000000000000
204.590940000000 0.000000000000
204.627998000000 0.000000000000
204.665056000000 0.000000000000
204.702115000000 0.000000000000
204.739173000000 0.000000000000
204.776231000000 0.000000000000
204.813289000000 0.000000000000
204.850347000000 0.000000000000
204.887405000000 0.000000000000
204.924464000000 0.000000000000
204.961522000000 0.000000000000
204.998580000000 0.000000000000
205.035638000000 0.000000000000
205.072696000000 0.000000000000
205.109754000000 0.000000000000
205.146813000000 0.000000000000
205.183871000000 0.000000000000
205.220929000000 0.000000000000
205.257987000000 0.000000000000
205.295045000000 0.000000000000
205.332103000000 0.000000000000
205.369161000000 0.000000000000
205.406220000000 0.000000000000
205.443278000000 0.000000000000
205.480336000000 0.000000000000
205.517394000000 0.000000000000
205.554452000000 0.000000000000
205.591510000000 0.000065121280
205.628569000000 0.000172945920
205.665627000000 0.000236579840
205.702685000000 0.000290035200
205.739743000000 0.000333724160
205.776801000000 0.000372449280
205.813859000000 0.000407805440
205.850918000000 0.000440491520
205.887976000000 0.000471116800
205.925034000000 0.000500021760
205.962092000000 0.000525701120
205.999150000000 0.000549409280
206.036208000000 0.000572830720
206.073267000000 0.000595266560
206.110325000000 0.000616824320
206.147383000000 0.000637557760
206.184441000000 0.000650048000
206.221499000000 0.000660889600
206.258557000000 0.000675978240
206.295616000000 0.000688647680
206.332674000000 0.000699220480
206.369732000000 0.000706675200
206.406790000000 0.000713502720
206.443848000000 0.000718484480
206.480906000000 0.000723054080
206.517965000000 0.000723627520
206.555023000000 0.000725347840
206.592081000000 0.000726602240
206.629139000000 0.000720186880
206.666197000000 0.000724200960
206.703255000000 0.000727784960
206.740313000000 0.000729541120
206.777372000000 0.000735544320
206.814430000000 0.000741672960
206.851488000000 0.000747962880
206.888546000000 0.000750632960
206.925604000000 0.000749324800
206.962662000000 0.000749916160
206.999721000000 0.000751779840
207.036779000000 0.000756564480
207.073837000000 0.000759951360
207.110895000000 0.000759808000
207.147953000000 0.000757908480
207.185011000000 0.000756170240
207.222070000000 0.000755059200
207.259128000000 0.000758105600
207.296186000000 0.000761331200
207.333244000000 0.000760847360
207.370302000000 0.000759682560
207.407360000000 0.000756474880
207.444419000000 0.000752586240
207.481477000000 0.000752407040
207.518535000000 0.000753840640
207.555593000000 0.000752586240
207.592651000000 0.000752353280
207.629709000000 0.000751779840
207.666768000000 0.000752926720
207.703826000000 0.000743895040
207.740884000000 0.000735687680
207.777942000000 0.000725150720
207.815000000000 0.000711656960
207.852058000000 0.000699596800
207.889116000000 0.000688558080
207.926175000000 0.000674401280
207.963233000000 0.000666695680
208.000291000000 0.000658165760
208.037349000000 0.000648148480
208.074407000000 0.000648453120
208.111465000000 0.000647306240
208.148524000000 0.000643095040
208.185582000000 0.000644582400
208.222640000000 0.000647037440
208.259698000000 0.000637127680
208.296756000000 0.000648524800
208.333814000000 0.000656732160
208.370873000000 0.000666355200
208.407931000000 0.000676336640
208.444989000000 0.000690260480
208.482047000000 0.000699758080
208.519105000000 0.000705797120
208.556163000000 0.000714237440
208.593222000000 0.000738590720
208.630280000000 0.000750077440
208.667338000000 0.000760578560
208.704396000000 0.000770506240
208.741454000000 0.000780218880
208.778512000000 0.000790146560
208.815571000000 0.000800092160
208.852629000000 0.000825198080
208.889687000000 0.000832957440
208.926745000000 0.000844856320
208.963803000000 0.000844085760
209.000861000000 0.000847365120
209.037919000000 0.000850859520
209.074978000000 0.000854891520
209.112036000000 0.000859210240
209.149094000000 0.000863600640
209.186152000000 0.000869227520
209.223210000000 0.000876538880
209.260268000000 0.000882882560
209.297327000000 0.000888957440
209.334385000000 0.000894906880
209.371443000000 0.000900748800
209.408501000000 0.000904099840
209.445559000000 0.000908203520
209.482617000000 0.000912701440
209.519676000000 0.000917127680
209.556734000000 0.000921446400
209.593792000000 0.000925944320
209.630850000000 0.000929707520
209.667908000000 0.000933614080
209.704966000000 0.000937269760
209.742025000000 0.000940459520
209.779083000000 0.000943577600
209.816141000000 0.000944545280
209.853199000000 0.000956372480
209.890257000000 0.000964185600
209.927315000000 0.000971228160
209.964374000000 0.000977822720
210.001432000000 0.000984327680
210.038490000000 0.000990599680
210.075548000000 0.000996728320
210.112606000000 0.001002821120
210.149664000000 0.001008878080
210.186722000000 0.001015795200
210.223781000000 0.001019325440
210.260839000000 0.001023966720
210.297897000000 0.001028858880
210.334955000000 0.001033840640
210.372013000000 0.001036062720
210.409071000000 0.001042442240
210.446130000000 0.001048839680
210.483188000000 0.001055219200
210.520246000000 0.001061652480
210.557304000000 0.001068085760
210.594362000000 0.001078963200
210.631420000000 0.001096757760
210.668479000000 0.001113889280
210.705537000000 0.001130841600
210.742595000000 0.001147686400
210.779653000000 0.001164316160
210.816711000000 0.001182666240
210.853769000000 0.001205675520
210.890828000000 0.001228003840
210.927886000000 0.001250995200
210.964944000000 0.001274291200
211.002002000000 0.001297694720
211.039060000000 0.001321582080
211.076118000000 0.001351974400
211.113177000000 0.001355898880
211.150235000000 0.001364966400
211.187293000000 0.001381632000
211.224351000000 0.001394677760
211.261409000000 0.001408637440
211.298467000000 0.001429245440
211.335525000000 0.001449154560
211.372584000000 0.001451036160
211.409642000000 0.001460264960
211.446700000000 0.001471554560
211.483758000000 0.001483256320
211.520816000000 0.001499330560
211.557874000000 0.001502950400
211.594933000000 0.001507537920
211.631991000000 0.001518200320
211.669049000000 0.001523379200
211.706107000000 0.001525959680
211.743165000000 0.001524723200
211.780223000000 0.001526533120
211.817282000000 0.001529149440
211.854340000000 0.001532231680
211.891398000000 0.001532142080
211.928456000000 0.001533772800
211.965514000000 0.001535976960
212.002572000000 0.001538432000
212.039631000000 0.001541227520
212.076689000000 0.001544757760
212.113747000000 0.001548037120
212.150805000000 0.001548323840
212.187863000000 0.001550295040
212.224921000000 0.001552696320
212.261980000000 0.001555115520
212.299038000000 0.001557265920
212.336096000000 0.001559416320
212.373154000000 0.001565007360
212.410212000000 0.001574952960
212.447270000000 0.001583321600
212.484328000000 0.001591296000
212.521387000000 0.001599055360
212.558445000000 0.001606599680
212.595503000000 0.001614090240
212.632561000000 0.001621150720
212.669619000000 0.001638622720
212.706677000000 0.001640414720
212.743736000000 0.001642457600
212.780794000000 0.001644482560
212.817852000000 0.001646453760
212.854910000000 0.001648353280
212.891968000000 0.001650181120
212.929026000000 0.001652008960
212.966085000000 0.001654177280
213.003143000000 0.001658782720
213.040201000000 0.001651166720
213.077259000000 0.001649553920
213.114317000000 0.001649213440
213.151375000000 0.001649553920
213.188434000000 0.001650432000
213.225492000000 0.001651740160
213.262550000000 0.001653496320
213.299608000000 0.001655664640
213.336666000000 0.001658370560
213.373724000000 0.001642798080
213.410783000000 0.001651758080
213.447841000000 0.001659642880
213.484899000000 0.001667097600
213.521957000000 0.001674480640
213.559015000000 0.001681559040
213.596073000000 0.001688583680
213.633131000000 0.001695482880
213.670190000000 0.001702113280
213.707248000000 0.001708600320
213.744306000000 0.001714926080
213.781364000000 0.001720983040
213.818422000000 0.001727308800
213.855480000000 0.001740766720
213.892539000000 0.001753382400
213.929597000000 0.001765711360
213.966655000000 0.001777825280
214.003713000000 0.001789527040
214.040771000000 0.001800906240
214.077829000000 0.001811210240
214.114888000000 0.001826334720
214.151946000000 0.001839093760
214.189004000000 0.001854289920
214.226062000000 0.001869575680
214.263120000000 0.001885434880
214.300178000000 0.001910899200
214.337237000000 0.001931578880
214.374295000000 0.001952437760
214.411353000000 0.001973296640
214.448411000000 0.001994513920
214.485469000000 0.002015838720
214.522527000000 0.002056194560
214.559586000000 0.002064509440
214.596644000000 0.002073505280
214.633702000000 0.002085493760
214.670760000000 0.002104005120
214.707818000000 0.002096801280
214.744876000000 0.002129827840
214.781934000000 0.002120348160
214.818993000000 0.002111441920
214.856051000000 0.002103342080
214.893109000000 0.002097392640
214.930167000000 0.002094131200
214.967225000000 0.002084328960
215.004283000000 0.002075637760
215.041342000000 0.002067717120
215.078400000000 0.002059868160
215.115458000000 0.002045603840
215.152516000000 0.002023813120
215.189574000000 0.002002040320
215.226632000000 0.001971916800
215.263691000000 0.001945717760
215.300749000000 0.001921149440
215.337807000000 0.001887782400
215.374865000000 0.001847265280
215.411923000000 0.001808181760
215.448981000000 0.001750586880
215.486040000000 0.001717864960
215.523098000000 0.001685644800
215.560156000000 0.001630791680
215.597214000000 0.001627584000
215.634272000000 0.001625756160
215.671330000000 0.001621652480
215.708389000000 0.001619717120
215.745447000000 0.001624053760
215.782505000000 0.001601797120
215.819563000000 0.001624770560
215.856621000000 0.001646471680
215.893679000000 0.001666846720
215.930737000000 0.001687633920
215.967796000000 0.001705052160
216.004854000000 0.001723509760
216.041912000000 0.001763578880
216.078970000000 0.001774187520
216.116028000000 0.001866869760
216.153086000000 0.001926238720
216.190145000000 0.001993134080
216.227203000000 0.002057305600
216.264261000000 0.002120348160
216.301319000000 0.002174789120
216.338377000000 0.002214625280
216.375435000000 0.002301680640
216.412494000000 0.002391943680
216.449552000000 0.002471777280
216.486610000000 0.002587952640
216.523668000000 0.002672391680
216.560726000000 0.002751992320
216.597784000000 0.002840337920
216.634843000000 0.002886231040
216.671901000000 0.002931371520
216.708959000000 0.002992389120
216.746017000000 0.003032028160
216.783075000000 0.003071362560
216.820133000000 0.003147773440
216.857192000000 0.003146662400
216.894250000000 0.003132810240
216.931308000000 0.003125749760
216.968366000000 0.003138168320
217.005424000000 0.003118725120
217.042482000000 0.003103923200
217.079540000000 0.003093888000
217.116599000000 0.003078369280
217.153657000000 0.003043264000
217.190715000000 0.002995919360
217.227773000000 0.002953753600
217.264831000000 0.002883238400
217.301889000000 0.002810590720
217.338948000000 0.002739304960
217.376006000000 0.002677570560
217.413064000000 0.002601697280
217.450122000000 0.002529085440
217.487180000000 0.002457459200
217.524238000000 0.002359813120
217.561297000000 0.002300784640
217.598355000000 0.002245662720
217.635413000000 0.002183444480
217.672471000000 0.002133125120
217.709529000000 0.002082967040
217.746587000000 0.002001735680
217.783646000000 0.002006663680
217.820704000000 0.001982919680
217.857762000000 0.001932707840
217.894820000000 0.001919375360
217.931878000000 0.001914465280
217.968936000000 0.001910433280
218.005995000000 0.001906186240
218.043053000000 0.001906490880
218.080111000000 0.001901688320
218.117169000000 0.001878804480
218.154227000000 0.001887316480
218.191285000000 0.001900523520
218.228343000000 0.001914178560
218.265402000000 0.001927708160
218.302460000000 0.001940610560
218.339518000000 0.001953011200
218.376576000000 0.001958458880
218.413634000000 0.001983206400
218.450692000000 0.002047897600
218.487751000000 0.002058129920
218.524809000000 0.002039690240
218.561867000000 0.002067914240
218.598925000000 0.002080744960
218.635983000000 0.002090708480
218.673041000000 0.002100582400
218.710100000000 0.002114631680
218.747158000000 0.002127462400
218.784216000000 0.002114309120
218.821274000000 0.002122444800
218.858332000000 0.002132910080
218.895390000000 0.002149002240
218.932449000000 0.002158069760
218.969507000000 0.002165506560
219.006565000000 0.002175111680
219.043623000000 0.002184770560
219.080681000000 0.002188103680
219.117739000000 0.002199303680
219.154798000000 0.002201310720
219.191856000000 0.002212259840
219.228914000000 0.002224857600
219.265972000000 0.002257436160
219.303030000000 0.002284907520
219.340088000000 0.002311285760
219.377146000000 0.002335441920
219.414205000000 0.002356497920
219.451263000000 0.002385850880
219.488321000000 0.002420275200
219.525379000000 0.002464268800
219.562437000000 0.002507456000
219.599495000000 0.002550231040
219.636554000000 0.002594654720
219.673612000000 0.002639365120
219.710670000000 0.002697175040
219.747728000000 0.002728785920
219.784786000000 0.002767170560
219.821844000000 0.002802257920
219.858903000000 0.002815267840
219.895961000000 0.002835571200
219.933019000000 0.002881571840
219.970077000000 0.002891678720
220.007135000000 0.002899742720
220.044193000000 0.002908684800
220.081252000000 0.002916641280
220.118310000000 0.002924113920
220.155368000000 0.002929059840
220.192426000000 0.002891571200
220.229484000000 0.002961566720
220.266542000000 0.002976296960
220.303601000000 0.002988643840
220.340659000000 0.003000184320
220.377717000000 0.003010344960
220.414775000000 0.003004090880
220.451833000000 0.003012835840
220.488891000000 0.003021294080
220.525949000000 0.003029125120
220.563008000000 0.003037565440
220.600066000000 0.003046167040
220.637124000000 0.003055360000
220.674182000000 0.003067438080
220.711240000000 0.003085644800
220.748298000000 0.003070018560
220.785357000000 0.003069552640
220.822415000000 0.003073029120
220.859473000000 0.003101253120
220.896531000000 0.003110894080
220.933589000000 0.003127810560
220.970647000000 0.003149207040
221.007706000000 0.003143293440
221.044764000000 0.003150210560
221.081822000000 0.003197967360
221.118880000000 0.003191336960
221.155938000000 0.003184133120
221.192996000000 0.003178416640
221.230055000000 0.003180853760
221.267113000000 0.003181893120
221.304171000000 0.003179223040
221.341229000000 0.003175854080
221.378287000000 0.003171571200
221.415345000000 0.003166499840
221.452404000000 0.003146411520
221.489462000000 0.003120248320
221.526520000000 0.003100339200
221.563578000000 0.003075376640
221.600636000000 0.003048209920
221.637694000000 0.003018874880
221.674752000000 0.002972945920
221.711811000000 0.002904168960
221.748869000000 0.002829352960
221.785927000000 0.002772851200
221.822985000000 0.002704396800
221.860043000000 0.002636014080
221.897101000000 0.002551790080
221.934160000000 0.002483783680
221.971218000000 0.002411315200
222.008276000000 0.002329402880
222.045334000000 0.002310551040
222.082392000000 0.002285373440
222.119450000000 0.002220144640
222.156509000000 0.002220359680
222.193567000000 0.002223316480
222.230625000000 0.002226918400
222.267683000000 0.002229391360
222.304741000000 0.002231057920
222.341799000000 0.002234641920
222.378858000000 0.002236756480
222.415916000000 0.002266826240
222.452974000000 0.002298150400
222.490032000000 0.002333309440
222.527090000000 0.002359902720
222.564148000000 0.002382786560
222.601207000000 0.002440040960
222.638265000000 0.002500431360
222.675323000000 0.002562577920
222.712381000000 0.002628021760
222.749439000000 0.002716725760
222.786497000000 0.002802168320
222.823555000000 0.002898757120
222.860614000000 0.002997191680
222.897672000000 0.003093511680
222.934730000000 0.003211156480
222.971788000000 0.003301527040
223.008846000000 0.003387507200
223.045904000000 0.003493665280
223.082963000000 0.003551797760
223.120021000000 0.003605898240
223.157079000000 0.003653905920
223.194137000000 0.003747681280
223.231195000000 0.003812533760
223.268253000000 0.003916881920
223.305312000000 0.003927956480
223.342370000000 0.003935411200
223.379428000000 0.003937687040
223.416486000000 0.003921630720
223.453544000000 0.003966807040
223.490602000000 0.003980945920
223.527661000000 0.003990031360
223.564719000000 0.003954352640
223.601777000000 0.003926935040
223.638835000000 0.003899212800
223.675893000000 0.003863229440
223.712951000000 0.003840560640
223.750010000000 0.003782231040
223.787068000000 0.003702272000
223.824126000000 0.003615700480
223.861184000000 0.003536404480
223.898242000000 0.003454492160
223.935300000000 0.003369210880
223.972358000000 0.003281850880
224.009417000000 0.003228807680
224.046475000000 0.003176284160
224.083533000000 0.003118080000
224.120591000000 0.003086863360
224.157649000000 0.003061237760
224.194707000000 0.003015255040
224.231766000000 0.002982210560
224.268824000000 0.002956871680
224.305882000000 0.002934382080
224.342940000000 0.002914024960
224.379998000000 0.002898775040
224.417056000000 0.002870085120
224.454115000000 0.002870909440
224.491173000000 0.002850749440
224.528231000000 0.002846233600
224.565289000000 0.002858132480
224.602347000000 0.002844782080
224.639405000000 0.002838850560
224.676464000000 0.002831431680
224.713522000000 0.002843509760
224.750580000000 0.002849889280
224.787638000000 0.002859333120
224.824696000000 0.002867558400
224.861754000000 0.002878507520
224.898813000000 0.002886087680
224.935871000000 0.002890961920
224.972929000000 0.002900800000
225.009987000000 0.002933772800
225.047045000000 0.002936030720
225.084103000000 0.002929991680
225.121161000000 0.002917107200
225.158220000000 0.002917608960
225.195278000000 0.002926694400
225.232336000000 0.002940098560
225.269394000000 0.002945868800
225.306452000000 0.002951191040
225.343510000000 0.002922357760
225.380569000000 0.002932751360
225.417627000000 0.002940062720
225.454685000000 0.002941281280
225.491743000000 0.002956029440
225.528801000000 0.002980741120
225.565859000000 0.002997137920
225.602918000000 0.003009377280
225.639976000000 0.003019072000
225.677034000000 0.003025379840
225.714092000000 0.003020039680
225.751150000000 0.003040271360
225.788208000000 0.003070251520
225.825267000000 0.003095214080
225.862325000000 0.003071129600
225.899383000000 0.003116789760
225.936441000000 0.003135516160
225.973499000000 0.003150013440
226.010557000000 0.003155066880
226.047616000000 0.003173793280
226.084674000000 0.003206228480
226.121732000000 0.003246620160
226.158790000000 0.003264199680
226.195848000000 0.003294466560
226.232906000000 0.003326113280
226.269965000000 0.003388349440
226.307023000000 0.003412039680
226.344081000000 0.003434403840
226.381139000000 0.003457000960
226.418197000000 0.003476981760
226.455255000000 0.003497392640
226.492313000000 0.003566420480
226.529372000000 0.003559306240
226.566430000000 0.003551905280
226.603488000000 0.003545597440
226.640546000000 0.003539648000
226.677604000000 0.003535060480
226.714662000000 0.003531548160
226.751721000000 0.003532014080
226.788779000000 0.003523914240
226.825837000000 0.003517696000
226.862895000000 0.003490439680
226.899953000000 0.003451392000
226.937011000000 0.003413562880
226.974070000000 0.003375895040
227.011128000000 0.003340072960
227.048186000000 0.003304448000
227.085244000000 0.003220815360
227.122302000000 0.003216926720
227.159360000000 0.003215457280
227.196419000000 0.003198021120
227.233477000000 0.003185423360
227.270535000000 0.003173578240
227.307593000000 0.003191265280
227.344651000000 0.003183738880
227.381709000000 0.003177054720
227.418768000000 0.003170854400
227.455826000000 0.003161679360
227.492884000000 0.003149726720
227.529942000000 0.003134709760
227.567000000000 0.003130301440
227.604058000000 0.003125355520
227.641116000000 0.003104407040
227.678175000000 0.003059517440
227.715233000000 0.003015075840
227.752291000000 0.002975795200
227.789349000000 0.002897789440
227.826407000000 0.002821056000
227.863465000000 0.002747153920
227.900524000000 0.002657052160
227.937582000000 0.002567237120
227.974640000000 0.002478497280
228.011698000000 0.002370744320
228.048756000000 0.002275212800
228.085814000000 0.002143877120
228.122873000000 0.002006932480
228.159931000000 0.001863321600
228.196989000000 0.001725140480
228.234047000000 0.001566620160
228.271105000000 0.001429603840
228.308163000000 0.001319252480
228.345222000000 0.001148654080
228.382280000000 0.001023554560
228.419338000000 0.000898329600
228.456396000000 0.000766993920
228.493454000000 0.000683845120
228.530512000000 0.000599334400
228.567571000000 0.000526274560
228.604629000000 0.000400691200
228.641687000000 0.000304371200
228.678745000000 0.000195041280
228.715803000000 0.000122429440
228.752861000000 0.000048778240
228.789919000000 -0.000027077120
228.826978000000 -0.000106104320
228.864036000000 -0.000146711040
228.901094000000 -0.000194306560
228.938152000000 -0.000251811840
228.975210000000 -0.000297866240
229.012268000000 -0.000344529920
229.049327000000 -0.000393899520
229.086385000000 -0.000434255360
229.123443000000 -0.000475829760
229.160501000000 -0.000525629440
229.197559000000 -0.000562705920
229.234617000000 -0.000565662720
229.271676000000 -0.000567311360
229.308734000000 -0.000576468480
229.345792000000 -0.000592363520
229.382850000000 -0.000588421120
229.419908000000 -0.000655603200
229.456966000000 -0.000754252800
229.494025000000 -0.000822510080
229.531083000000 -0.000889853440
229.568141000000 -0.000936732160
229.605199000000 -0.000982732800
229.642257000000 -0.001035650560
229.679315000000 -0.001060416000
229.716374000000 -0.001067404800
229.753432000000 -0.001115824640
229.790490000000 -0.001178490880
229.827548000000 -0.001235100160
229.864606000000 -0.001282462720
229.901664000000 -0.001320560640
229.938722000000 -0.001356992000
229.975781000000 -0.001409838080
230.012839000000 -0.001406289920
230.049897000000 -0.001393889280
230.086955000000 -0.001385574400
230.124013000000 -0.001369589760
230.161071000000 -0.001339448320
230.198130000000 -0.001327854080
230.235188000000 -0.001326330880
230.272246000000 -0.001297694720
230.309304000000 -0.001277140480
230.346362000000 -0.001263109120
230.383420000000 -0.001255959040
230.420479000000 -0.001240207360
230.457537000000 -0.001224742400
230.494595000000 -0.001212538880
230.531653000000 -0.001195461120
230.568711000000 -0.001179046400
230.605769000000 -0.001163635200
230.642828000000 -0.001144120320
230.679886000000 -0.001123261440
230.716944000000 -0.001106040320
230.754002000000 -0.001094714880
230.791060000000 -0.001086077440
230.828118000000 -0.001061329920
230.865177000000 -0.001056330240
230.902235000000 -0.001052136960
230.939293000000 -0.001049448960
230.976351000000 -0.001042854400
231.013409000000 -0.001029217280
231.050467000000 -0.001035937280
231.087525000000 -0.001054699520
231.124584000000 -0.001061186560
231.161642000000 -0.001070504960
231.198700000000 -0.001084321280
231.235758000000 -0.001095951360
231.272816000000 -0.001111756800
231.309874000000 -0.001135680000
231.346933000000 -0.001168473600
231.383991000000 -0.001191124480
231.421049000000 -0.001229204480
231.458107000000 -0.001268359680
231.495165000000 -0.001297354240
231.532223000000 -0.001320560640
231.569282000000 -0.001356794880
231.606340000000 -0.001393996800
231.643398000000 -0.001423242240
231.680456000000 -0.001474260480
231.717514000000 -0.001525601280
231.754572000000 -0.001575580160
231.791631000000 -0.001641704960
231.828689000000 -0.001699138560
231.865747000000 -0.001747773440
231.902805000000 -0.001794777600
231.939863000000 -0.001818611200
231.976921000000 -0.001834434560
232.013980000000 -0.001868823040
232.051038000000 -0.001847605760
232.088096000000 -0.001844971520
232.125154000000 -0.001856529920
232.162212000000 -0.001881510400
232.199270000000 -0.001888266240
232.236328000000 -0.001889592320
232.273387000000 -0.001897674240
232.310445000000 -0.001868572160
232.347503000000 -0.001825725440
232.384561000000 -0.001774528000
232.421619000000 -0.001711270400
232.458677000000 -0.001661560320
232.495736000000 -0.001616079360
232.532794000000 -0.001555993600
232.569852000000 -0.001495943680
232.606910000000 -0.001451591680
232.643968000000 -0.001443205120
232.681026000000 -0.001328373760
232.718085000000 -0.001249669120
232.755143000000 -0.001169996800
232.792201000000 -0.001087080960
232.829259000000 -0.001004487680
232.866317000000 -0.000919941120
232.903375000000 -0.000857991680
232.940434000000 -0.000815252480
232.977492000000 -0.000740078080
233.014550000000 -0.000721943040
233.051608000000 -0.000703485440
233.088666000000 -0.000684472320
233.125724000000 -0.000666839040
233.162783000000 -0.000649832960
233.199841000000 -0.000630945280
233.236899000000 -0.000607559680
233.273957000000 -0.000613975040
233.311015000000 -0.000619816960
233.348073000000 -0.000625856000
233.385131000000 -0.000632701440
233.422190000000 -0.000638740480
233.459248000000 -0.000654115840
233.496306000000 -0.000691496960
233.533364000000 -0.000724003840
233.570422000000 -0.000741475840
233.607480000000 -0.000790970880
233.644539000000 -0.000842938880
233.681597000000 -0.000896967680
233.718655000000 -0.000957107200
233.755713000000 -0.001046563840
233.792771000000 -0.001101918720
233.829829000000 -0.001159907840
233.866888000000 -0.001206213120
233.903946000000 -0.001254650880
233.941004000000 -0.001314306560
233.978062000000 -0.001363729920
234.015120000000 -0.001432936960
234.052178000000 -0.001450122240
234.089237000000 -0.001477056000
234.126295000000 -0.001510566400
234.163353000000 -0.001547463680
234.200411000000 -0.001581780480
234.237469000000 -0.001614000640
234.274527000000 -0.001648299520
234.311586000000 -0.001681523200
234.348644000000 -0.001701091840
234.385702000000 -0.001722506240
234.422760000000 -0.001740462080
234.459818000000 -0.001738580480
234.496876000000 -0.001739333120
234.533934000000 -0.001736071680
234.570993000000 -0.001732057600
234.608051000000 -0.001731018240
234.645109000000 -0.001738455040
234.682167000000 -0.001748741120
234.719225000000 -0.001744422400
234.756283000000 -0.001739655680
234.793342000000 -0.001718832640
234.830400000000 -0.001706539520
234.867458000000 -0.001696504320
234.904516000000 -0.001685841920
234.941574000000 -0.001676577280
234.978632000000 -0.001665574400
235.015691000000 -0.001637099520
235.052749000000 -0.001671093760
235.089807000000 -0.001683619840
235.126865000000 -0.001686236160
235.163923000000 -0.001682885120
235.200981000000 -0.001674319360
235.238040000000 -0.001653352960
235.275098000000 -0.001644769280
235.312156000000 -0.001651686400
235.349214000000 -0.001647869440
235.386272000000 -0.001633605120
235.423330000000 -0.001640092160
235.460389000000 -0.001640432640
235.497447000000 -0.001631418880
235.534505000000 -0.001643514880
235.571563000000 -0.001648675840
235.608621000000 -0.001647654400
235.645679000000 -0.001641059840
235.682737000000 -0.001641274880
235.719796000000 -0.001639160320
235.756854000000 -0.001622799360
235.793912000000 -0.001635773440
235.830970000000 -0.001646238720
235.868028000000 -0.001657976320
235.905086000000 -0.001671111680
235.942145000000 -0.001685358080
235.979203000000 -0.001690931200
236.016261000000 -0.001702794240
236.053319000000 -0.001714460160
236.090377000000 -0.001733061120
236.127435000000 -0.001754332160
236.164494000000 -0.001779258880
236.201552000000 -0.001806730240
236.238610000000 -0.001862551040
236.275668000000 -0.001876869120
236.312726000000 -0.001903534080
236.349784000000 -0.001947814400
236.386843000000 -0.001972490240
236.423901000000 -0.001980464640
236.460959000000 -0.001997040640
236.498017000000 -0.002029153280
236.535075000000 -0.002019494400
236.572133000000 -0.002019548160
236.609192000000 -0.002025121280
236.646250000000 -0.002040281600
236.683308000000 -0.002044564480
236.720366000000 -0.002069544960
236.757424000000 -0.002031733760
236.794482000000 -0.001995517440
236.831540000000 -0.001959390720
236.868599000000 -0.001916078080
236.905657000000 -0.001896097280
236.942715000000 -0.001863930880
236.979773000000 -0.001839219200
237.016831000000 -0.001782609920
237.053889000000 -0.001729047040
237.090948000000 -0.001677365760
237.128006000000 -0.001625756160
237.165064000000 -0.001573985280
237.202122000000 -0.001528683520
237.239180000000 -0.001450391040
237.276238000000 -0.001351078400
237.313297000000 -0.001261370880
237.350355000000 -0.001156288000
237.387413000000 -0.001052817920
237.424471000000 -0.000950064640
237.461529000000 -0.000850823680
237.498587000000 -0.000779555840
237.535646000000 -0.000713448960
237.572704000000 -0.000633543680
237.609762000000 -0.000610839040
237.646820000000 -0.000587435520
237.683878000000 -0.000516776960
237.720936000000 -0.000522511360
237.757995000000 -0.000535144960
237.795053000000 -0.000542725120
237.832111000000 -0.000550502400
237.869169000000 -0.000556165120
237.906227000000 -0.000571630080
237.943285000000 -0.000607237120
237.980343000000 -0.000683038720
238.017402000000 -0.000760614400
238.054460000000 -0.000817044480
238.091518000000 -0.000931123200
238.128576000000 -0.001038159360
238.165634000000 -0.001115466240
238.202692000000 -0.001252267520
238.239751000000 -0.001386775040
238.276809000000 -0.001519454720
238.313867000000 -0.001663137280
238.350925000000 -0.001830080000
238.387983000000 -0.001994496000
238.425041000000 -0.002172208640
238.462100000000 -0.002316912640
238.499158000000 -0.002461957120
238.536216000000 -0.002613184000
238.573274000000 -0.002709736960
238.610332000000 -0.002797150720
238.647390000000 -0.002884456960
238.684449000000 -0.002968609280
238.721507000000 -0.003027566080
238.758565000000 -0.003085680640
238.795623000000 -0.003141859840
238.832681000000 -0.003162521600
238.869739000000 -0.003155317760
238.906798000000 -0.003206694400
238.943856000000 -0.003176893440
238.980914000000 -0.003146608640
239.017972000000 -0.003119298560
239.055030000000 -0.003096360960
239.092088000000 -0.003069463040
239.129146000000 -0.003028605440
239.166205000000 -0.002969756160
239.203263000000 -0.002887467520
239.240321000000 -0.002790036480
239.277379000000 -0.002703554560
239.314437000000 -0.002599708160
239.351495000000 -0.002485091840
239.388554000000 -0.002420866560
239.425612000000 -0.002209177600
239.462670000000 -0.002009925120
239.499728000000 -0.001820869120
239.536786000000 -0.001676559360
239.573844000000 -0.001572390400
239.610903000000 -0.001490460160
239.647961000000 -0.001438707200
239.685019000000 -0.001410805760
239.722077000000 -0.001385448960
239.759135000000 -0.001350666240
239.796193000000 -0.001307640320
239.833252000000 -0.001285544960
239.870310000000 -0.001271621120
239.907368000000 -0.001229562880
239.944426000000 -0.001221839360
239.981484000000 -0.001214492160
240.018542000000 -0.001201177600
240.055601000000 -0.001147507200
240.092659000000 -0.001198848000
240.129717000000 -0.001197091840
240.166775000000 -0.001168939520
240.203833000000 -0.001171699200
240.240891000000 -0.001174835200
240.277949000000 -0.001169943040
240.315008000000 -0.001157237760
240.352066000000 -0.001149084160
240.389124000000 -0.001152291840
240.426182000000 -0.001165104640
240.463240000000 -0.001177075200
240.500298000000 -0.001189332480
240.537357000000 -0.001204958720
240.574415000000 -0.001215925760
240.611473000000 -0.001203955200
240.648531000000 -0.001259793920
240.685589000000 -0.001315345920
240.722647000000 -0.001367045120
240.759706000000 -0.001449333760
240.796764000000 -0.001564165120
240.833822000000 -0.001567175680
240.870880000000 -0.001633640960
240.907938000000 -0.001726233600
240.944996000000 -0.001783416320
240.982055000000 -0.001841011200
241.019113000000 -0.001894824960
241.056171000000 -0.001953763840
241.093229000000 -0.002022970880
241.130287000000 -0.002048668160
241.167345000000 -0.002068684800
241.204404000000 -0.002055674880
241.241462000000 -0.002061857280
241.278520000000 -0.002085852160
241.315578000000 -0.002089704960
241.352636000000 -0.002110868480
241.389694000000 -0.002075279360
241.426752000000 -0.002062592000
241.463811000000 -0.002047413760
241.500869000000 -0.002018992640
241.537927000000 -0.001982722560
241.574985000000 -0.001964802560
241.612043000000 -0.001913210880
241.649101000000 -0.001819489280
241.686160000000 -0.001746196480
241.723218000000 -0.001667043840
241.760276000000 -0.001571852800
241.797334000000 -0.001478453760
241.834392000000 -0.001368711680
241.871450000000 -0.001323105280
241.908509000000 -0.001282247680
241.945567000000 -0.001241013760
241.982625000000 -0.001192020480
242.019683000000 -0.001140608000
242.056741000000 -0.001149729280
242.093799000000 -0.001100861440
242.130858000000 -0.001031851520
242.167916000000 -0.001062584320
242.204974000000 -0.001061312000
242.242032000000 -0.001035381760
242.279090000000 -0.001033320960
242.316148000000 -0.001017981440
242.353207000000 -0.000974597120
242.390265000000 -0.000928829440
242.427323000000 -0.000950010880
242.464381000000 -0.000930424320
242.501439000000 -0.000919726080
242.538497000000 -0.000954867200
242.575555000000 -0.000972697600
242.612614000000 -0.000986155520
242.649672000000 -0.001000133120
242.686730000000 -0.000992893440
242.723788000000 -0.001010652160
242.760846000000 -0.001029432320
242.797904000000 -0.001046133760
242.834963000000 -0.001065505280
242.872021000000 -0.001086184960
242.909079000000 -0.001105413120
242.946137000000 -0.001127508480
242.983195000000 -0.001188848640
243.020253000000 -0.001250314240
243.057312000000 -0.001311564800
243.094370000000 -0.001396165120
243.131428000000 -0.001479206400
243.168486000000 -0.001565491200
243.205544000000 -0.001639393280
243.242602000000 -0.001693672960
243.279661000000 -0.001711682560
243.316719000000 -0.001746859520
243.353777000000 -0.001761912320
243.390835000000 -0.001780280320
243.427893000000 -0.001857551360
243.464951000000 -0.001854146560
243.502010000000 -0.001808593920
243.539068000000 -0.001780441600
243.576126000000 -0.001771947520
243.613184000000 -0.001768471040
243.650242000000 -0.001734261760
243.687300000000 -0.001707399680
243.724358000000 -0.001690465280
243.761417000000 -0.001653890560
243.798475000000 -0.001602693120
243.835533000000 -0.001494796800
243.872591000000 -0.001386309120
243.909649000000 -0.001314342400
243.946707000000 -0.001214008320
243.983766000000 -0.001107008000
244.020824000000 -0.000997516800
244.057882000000 -0.000883115520
244.094940000000 -0.000782530560
244.131998000000 -0.000685189120
244.169056000000 -0.000589209600
244.206115000000 -0.000521561600
244.243173000000 -0.000521095680
244.280231000000 -0.000488051200
244.317289000000 -0.000476904960
244.354347000000 -0.000461404160
244.391405000000 -0.000444272640
244.428464000000 -0.000417661440
244.465522000000 -0.000419345920
244.502580000000 -0.000434936320
244.539638000000 -0.000393720320
244.576696000000 -0.000369438720
244.613754000000 -0.000404382720
244.650813000000 -0.000404293120
244.687871000000 -0.000354278400
244.724929000000 -0.000387968000
244.761987000000 -0.000397411840
244.799045000000 -0.000402716160
244.836103000000 -0.000408701440
244.873161000000 -0.000416801280
244.910220000000 -0.000422392320
244.947278000000 -0.000425797120
244.984336000000 -0.000418485760
245.021394000000 -0.000417482240
245.058452000000 -0.000417374720
245.095510000000 -0.000419310080
245.132569000000 -0.000438771200
245.169627000000 -0.000450956800
245.206685000000 -0.000463303680
245.243743000000 -0.000477299200
245.280801000000 -0.000498821120
245.317859000000 -0.000499950080
245.354918000000 -0.000489287680
245.391976000000 -0.000501455360
245.429034000000 -0.000501795840
245.466092000000 -0.000504555520
245.503150000000 -0.000516346880
245.540208000000 -0.000559265280
245.577267000000 -0.000538101760
245.614325000000 -0.000535073280
245.651383000000 -0.000537456640
245.688441000000 -0.000541148160
245.725499000000 -0.000543997440
245.762557000000 -0.000561935360
245.799616000000 -0.000554803200
245.836674000000 -0.000534517760
245.873732000000 -0.000537671680
245.910790000000 -0.000578959360
245.947848000000 -0.000529428480
245.984906000000 -0.000520737280
246.021965000000 -0.000526328320
246.059023000000 -0.000541900800
246.096081000000 -0.000545753600
246.133139000000 -0.000548154880
246.170197000000 -0.000539804160
246.207255000000 -0.000530897920
246.244313000000 -0.000529446400
246.281372000000 -0.000541470720
246.318430000000 -0.000524787200
246.355488000000 -0.000515719680
246.392546000000 -0.000509591040
246.429604000000 -0.000501455360
246.466662000000 -0.000494986240
246.503721000000 -0.000487334400
246.540779000000 -0.000478786560
246.577837000000 -0.000469056000
246.614895000000 -0.000433216000
246.651953000000 -0.000456028160
246.689011000000 -0.000500075520
246.726070000000 -0.000494663680
246.763128000000 -0.000434882560
246.800186000000 -0.000461189120
246.837244000000 -0.000461135360
246.874302000000 -0.000442337280
246.911360000000 -0.000452820480
246.948419000000 -0.000455705600
246.985477000000 -0.000451064320
247.022535000000 -0.000433699840
247.059593000000 -0.000423055360
247.096651000000 -0.000411747840
247.133709000000 -0.000403845120
247.170768000000 -0.000415797760
247.207826000000 -0.000417966080
247.244884000000 -0.000416926720
247.281942000000 -0.000413486080
247.319000000000 -0.000400440320
247.356058000000 -0.000397053440
247.393116000000 -0.000408325120
247.430175000000 -0.000419955200
247.467233000000 -0.000430617600
247.504291000000 -0.000440473600
247.541349000000 -0.000450562560
247.578407000000 -0.000460454400
247.615465000000 -0.000470059520
247.652524000000 -0.000479413760
247.689582000000 -0.000492710400
247.726640000000 -0.000502279680
247.763698000000 -0.000511616000
247.800756000000 -0.000520235520
247.837814000000 -0.000530252800
247.874873000000 -0.000541327360
247.911931000000 -0.000554695680
247.948989000000 -0.000572167680
247.986047000000 -0.000592524800
248.023105000000 -0.000577991680
248.060163000000 -0.000596323840
248.097222000000 -0.000585105920
248.134280000000 -0.000576325120
248.171338000000 -0.000568368640
248.208396000000 -0.000566504960
248.245454000000 -0.000557186560
248.282512000000 -0.000546237440
248.319571000000 -0.000536040960
248.356629000000 -0.000526184960
248.393687000000 -0.000516275200
248.430745000000 -0.000517207040
248.467803000000 -0.000496939520
248.504861000000 -0.000477998080
248.541919000000 -0.000458554880
248.578978000000 -0.000438036480
248.616036000000 -0.000421496320
248.653094000000 -0.000404131840
248.690152000000 -0.000383595520
248.727210000000 -0.000365908480
248.764268000000 -0.000349153280
248.801327000000 -0.000331573760
248.838385000000 -0.000313779200
248.875443000000 -0.000296128000
248.912501000000 -0.000263764480
248.949559000000 -0.000257492480
248.986617000000 -0.000250754560
249.023676000000 -0.000241704960
249.060734000000 -0.000229537280
249.097792000000 -0.000230415360
249.134850000000 -0.000232673280
249.171908000000 -0.000230666240
249.208966000000 -0.000226472960
249.246025000000 -0.000222817280
249.283083000000 -0.000196098560
249.320141000000 -0.000204072960
249.357199000000 -0.000209144320
249.394257000000 -0.000212584960
249.431315000000 -0.000209843200
249.468374000000 -0.000222100480
249.505432000000 -0.000232512000
249.542490000000 -0.000240773120
249.579548000000 -0.000248640000
249.616606000000 -0.000255539200
249.653664000000 -0.000262187520
249.690722000000 -0.000269015040
249.727781000000 -0.000275448320
249.764839000000 -0.000291379200
249.801897000000 -0.000294120960
249.838955000000 -0.000296629760
249.876013000000 -0.000298744320
249.913071000000 -0.000301504000
249.950130000000 -0.000304066560
249.987188000000 -0.000306378240
250.024246000000 -0.000309352960
250.061304000000 -0.000311808000
250.098362000000 -0.000314119680
250.135420000000 -0.000320983040
250.172479000000 -0.000361948160
250.209537000000 -0.000313832960
250.246595000000 -0.000309137920
250.283653000000 -0.000302543360
250.320711000000 -0.000298170880
250.357769000000 -0.000295052800
250.394828000000 -0.000294658560
250.431886000000 -0.000295877120
250.468944000000 -0.000298869760
250.506002000000 -0.000306664960
250.543060000000 -0.000331340800
250.580118000000 -0.000304442880
250.617177000000 -0.000297704960
250.654235000000 -0.000293207040
250.691293000000 -0.000289963520
250.728351000000 -0.000288225280
250.765409000000 -0.000286200320
250.802467000000 -0.000284981760
250.839525000000 -0.000283171840
250.876584000000 -0.000280412160
250.913642000000 -0.000279408640
250.950700000000 -0.000297687040
250.987758000000 -0.000305034240
251.024816000000 -0.000309998080
251.061874000000 -0.000312650240
251.098933000000 -0.000313438720
251.135991000000 -0.000314316800
251.173049000000 -0.000313994240
251.210107000000 -0.000312076800
251.247165000000 -0.000303976960
251.284223000000 -0.000297776640
251.321282000000 -0.000310123520
251.358340000000 -0.000314478080
251.395398000000 -0.000316879360
251.432456000000 -0.000315965440
251.469514000000 -0.000313080320
251.506572000000 -0.000300231680
251.543631000000 -0.000305912320
251.580689000000 -0.000310159360
251.617747000000 -0.000311628800
251.654805000000 -0.000311646720
251.691863000000 -0.000310266880
251.728921000000 -0.000307077120
251.765980000000 -0.000300070400
251.803038000000 -0.000301342720
251.840096000000 -0.000300608000
251.877154000000 -0.000299873280
251.914212000000 -0.000299532800
251.951270000000 -0.000299174400
251.988328000000 -0.000298887680
252.025387000000 -0.000298959360
252.062445000000 -0.000299246080
252.099503000000 -0.000300608000
252.136561000000 -0.000300124160
252.173619000000 -0.000292723200
252.210677000000 -0.000288977920
252.247736000000 -0.000286074880
252.284794000000 -0.000284211200
252.321852000000 -0.000282759680
252.358910000000 -0.000282168320
252.395968000000 -0.000282329600
252.433026000000 -0.000282849280
252.470085000000 -0.000284820480
252.507143000000 -0.000287902720
252.544201000000 -0.000292848640
252.581259000000 -0.000302901760
252.618317000000 -0.000329405440
252.655375000000 -0.000305966080
252.692434000000 -0.000300608000
252.729492000000 -0.000297310720
252.766550000000 -0.000295142400
252.803608000000 -0.000293314560
252.840666000000 -0.000291880960
252.877724000000 -0.000290483200
252.914783000000 -0.000289443840
252.951841000000 -0.000288637440
252.988899000000 -0.000287831040
253.025957000000 -0.000287060480
253.063015000000 -0.000287598080
253.100073000000 -0.000291737600
253.137131000000 -0.000286899200
253.174190000000 -0.000286325760
253.211248000000 -0.000283924480
253.248306000000 -0.000281756160
253.285364000000 -0.000279677440
253.322422000000 -0.000277652480
253.359480000000 -0.000275627520
253.396539000000 -0.000273656320
253.433597000000 -0.000271685120
253.470655000000 -0.000269749760
253.507713000000 -0.000267814400
253.544771000000 -0.000265950720
253.581829000000 -0.000263997440
253.618888000000 -0.000262062080
253.655946000000 -0.000260090880
253.693004000000 -0.000258263040
253.730062000000 -0.000256453120
253.767120000000 -0.000254553600
253.804178000000 -0.000252689920
253.841237000000 -0.000250826240
253.878295000000 -0.000248980480
253.915353000000 -0.000247027200
253.952411000000 -0.000246095360
253.989469000000 -0.000245199360
254.026527000000 -0.000244303360
254.063586000000 -0.000243407360
254.100644000000 -0.000242529280
254.137702000000 -0.000241651200
254.174760000000 -0.000240755200
254.211818000000 -0.000239877120
254.248876000000 -0.000239016960
254.285934000000 -0.000238138880
254.322993000000 -0.000237242880
254.360051000000 -0.000236382720
254.397109000000 -0.000235522560
254.434167000000 -0.000234608640
254.471225000000 -0.000233766400
254.508283000000 -0.000233103360
254.545342000000 -0.000232135680
254.582400000000 -0.000231096320
254.619458000000 -0.000229949440
254.656516000000 -0.000229143040
254.693574000000 -0.000228408320
254.730632000000 -0.000227566080
254.767691000000 -0.000226508800
254.804749000000 -0.000225559040
254.841807000000 -0.000224483840
254.878865000000 -0.000218731520
254.915923000000 -0.000218247680
254.952981000000 -0.000217548800
254.990040000000 -0.000216509440
255.027098000000 -0.000214771200
255.064156000000 -0.000212083200
255.101214000000 -0.000215989760
255.138272000000 -0.000217423360
255.175330000000 -0.000218301440
255.212389000000 -0.000218839040
255.249447000000 -0.000219322880
255.286505000000 -0.000219717120
255.323563000000 -0.000219950080
255.360621000000 -0.000220254720
255.397679000000 -0.000220416000
255.434737000000 -0.000220577280
255.471796000000 -0.000220756480
255.508854000000 -0.000220756480
255.545912000000 -0.000220881920
255.582970000000 -0.000220881920
255.620028000000 -0.000220864000
255.657086000000 -0.000220935680
255.694145000000 -0.000220774400
255.731203000000 -0.000220756480
255.768261000000 -0.000220505600
255.805319000000 -0.000220326400
255.842377000000 -0.000220003840
255.879435000000 -0.000219537920
255.916494000000 -0.000219000320
255.953552000000 -0.000218211840
255.990610000000 -0.000209484800
256.027668000000 -0.000205667840
256.064726000000 -0.000213248000
256.101784000000 -0.000218391040
256.138843000000 -0.000222100480
256.175901000000 -0.000225290240
256.212959000000 -0.000228300800
256.250017000000 -0.000230952960
256.287075000000 -0.000233533440
256.324133000000 -0.000235898880
256.361192000000 -0.000238264320
256.398250000000 -0.000240468480
256.435308000000 -0.000242618880
256.472366000000 -0.000244679680
256.509424000000 -0.000246579200
256.546482000000 -0.000248496640
256.583540000000 -0.000256399360
256.620599000000 -0.000257994240
256.657657000000 -0.000259678720
256.694715000000 -0.000261255680
256.731773000000 -0.000262689280
256.768831000000 -0.000263477760
256.805889000000 -0.000264821760
256.842948000000 -0.000266147840
256.880006000000 -0.000267509760
256.917064000000 -0.000268925440
256.954122000000 -0.000270394880
256.991180000000 -0.000271810560
257.028238000000 -0.000273297920
257.065297000000 -0.000286164480
257.102355000000 -0.000285501440
257.139413000000 -0.000283960320
257.176471000000 -0.000282723840
257.213529000000 -0.000281093120
257.250587000000 -0.000279516160
257.287646000000 -0.000278243840
257.324704000000 -0.000276864000
257.361762000000 -0.000275287040
257.398820000000 -0.000273530880
257.435878000000 -0.000272079360
257.472936000000 -0.000270753280
257.509995000000 -0.000269624320
257.547053000000 -0.000268298240
257.584111000000 -0.000267025920
257.621169000000 -0.000265664000
257.658227000000 -0.000264535040
257.695285000000 -0.000263656960
257.732343000000 -0.000263907840
257.769402000000 -0.000260879360
257.806460000000 -0.000258997760
257.843518000000 -0.000255413760
257.880576000000 -0.000252116480
257.917634000000 -0.000248550400
257.954692000000 -0.000245468160
257.991751000000 -0.000242798080
258.028809000000 -0.000240343040
258.065867000000 -0.000237242880
258.102925000000 -0.000233963520
258.139983000000 -0.000230863360
258.177041000000 -0.000228157440
258.214100000000 -0.000225433600
258.251158000000 -0.000222709760
258.288216000000 -0.000219914240
258.325274000000 -0.000217280000
258.362332000000 -0.000214556160
258.399390000000 -0.000211742720
258.436449000000 -0.000209108480
258.473507000000 -0.000206653440
258.510565000000 -0.000204413440
258.547623000000 -0.000205506560
258.584681000000 -0.000202119680
258.621739000000 -0.000198786560
258.658798000000 -0.000195793920
258.695856000000 -0.000192855040
258.732914000000 -0.000190095360
258.769972000000 -0.000187353600
258.807030000000 -0.000185328640
258.844088000000 -0.000187389440
258.881146000000 -0.000177175040
258.918205000000 -0.000172336640
258.955263000000 -0.000168268800
258.992321000000 -0.000164523520
259.029379000000 -0.000150456320
259.066437000000 -0.000148520960
259.103495000000 -0.000147069440
259.140554000000 -0.000145940480
259.177612000000 -0.000144596480
259.214670000000 -0.000143342080
259.251728000000 -0.000142517760
259.288786000000 -0.000142105600
259.325844000000 -0.000142141440
259.362903000000 -0.000142768640
259.399961000000 -0.000144040960
259.437019000000 -0.000148771840
259.474077000000 -0.000147642880
259.511135000000 -0.000133701120
259.548193000000 -0.000134310400
259.585252000000 -0.000135546880
259.622310000000 -0.000136837120
259.659368000000 -0.000138216960
259.696426000000 -0.000140098560
259.733484000000 -0.000141765120
259.770542000000 -0.000143557120
259.807601000000 -0.000145528320
259.844659000000 -0.000147427840
259.881717000000 -0.000149381120
259.918775000000 -0.000151692800
259.955833000000 -0.000154344960
259.992891000000 -0.000157032960
260.029949000000 -0.000159129600
260.067008000000 -0.000161100800
260.104066000000 -0.000170938880
260.141124000000 -0.000173322240
260.178182000000 -0.000174540800
260.215240000000 -0.000175902720
260.252298000000 -0.000176995840
260.289357000000 -0.000178304000
260.326415000000 -0.000179361280
260.363473000000 -0.000180920320
260.400531000000 -0.000181726720
260.437589000000 -0.000182174720
260.474647000000 -0.000182461440
260.511706000000 -0.000183196160
260.548764000000 -0.000184199680
260.585822000000 -0.000184217600
260.622880000000 -0.000183518720
260.659938000000 -0.000179719680
260.696996000000 -0.000182873600
260.734055000000 -0.000190095360
260.771113000000 -0.000190256640
260.808171000000 -0.000189772800
260.845229000000 -0.000189235200
260.882287000000 -0.000188392960
260.919345000000 -0.000187210240
260.956404000000 -0.000185991680
260.993462000000 -0.000184826880
261.030520000000 -0.000183590400
261.067578000000 -0.000182300160
261.104636000000 -0.000180848640
261.141694000000 -0.000179325440
261.178752000000 -0.000177784320
261.215811000000 -0.000176171520
261.252869000000 -0.000174433280
261.289927000000 -0.000172569600
261.326985000000 -0.000164021760
261.364043000000 -0.000162588160
261.401101000000 -0.000160133120
261.438160000000 -0.000159111680
261.475218000000 -0.000158233600
261.512276000000 -0.000157749760
261.549334000000 -0.000157391360
