0.000000000000000000e+00 -7.526400000000001538e-07
1.125698663426543365e-03 -5.486639339526864014e-07
2.251397326853086731e-03 -6.809623492480616739e-07
3.377126366950270343e-03 -1.005253994427359026e-07
4.502825030376814142e-03 -5.803292066694388720e-07
5.628523693803357507e-03 -6.672858329678966176e-07
6.754222357229900872e-03 -1.162121063857897281e-07
7.879921020656443370e-03 -2.856825725070618351e-06
9.005619684082987603e-03 -4.879082466398090381e-06
1.013134872418017078e-02 -3.610332823044895955e-07
1.125704738760671501e-02 -1.792000000005474115e-07
1.238274605103325751e-02 -3.838570616188439425e-07
1.350844471445980174e-02 -1.608608276498369353e-07
1.463414337788634424e-02 -7.555254388989827067e-07
1.575984204131288674e-02 -3.878728790289348634e-07
1.688557108141007165e-02 -2.008779772843635219e-07
1.801126974483661589e-02 -4.097141911785363770e-07
1.913696840826316012e-02 5.992095765659897718e-08
2.026266707168970088e-02 -3.087631878468292228e-07
2.138836573511624511e-02 -9.720028046479367700e-07
2.251406439854192545e-02 -5.374404879327168348e-08
2.363976306196846969e-02 -1.967369370523276267e-06
2.476549210206565460e-02 -1.305102621903779799e-06
2.589119076549219536e-02 -5.054410232502571119e-08
2.701688942891873960e-02 -1.555145610126615553e-06
2.814258809234528383e-02 -1.407900168627401196e-06
2.926828675577182806e-02 1.986921242875275738e-07
3.039398541919836882e-02 -3.822660923171939925e-07
3.151971445929555027e-02 -2.738195748117039336e-06
3.264541312272209450e-02 -4.065320321670649542e-06
3.377111178614863873e-02 -1.075199999980328711e-07
3.489681044957518297e-02 -1.088072371564624327e-07
3.602250911300172720e-02 -9.910576226808114777e-08
3.714820777642827143e-02 6.469906732348566182e-08
3.827393681652545288e-02 -4.383109904005952889e-07
3.939963547995199711e-02 -2.771626957204236607e-07
4.052533414337854134e-02 -1.123924755394638962e-07
4.165103280680508557e-02 -3.959991399649651849e-07
4.277673147023162981e-02 -4.245448065313729692e-07
4.390243013365730668e-02 -7.426828307762378005e-07
4.502815917375535548e-02 -1.791999999957119386e-08
4.615385783718103235e-02 -5.918293306876425533e-08
4.727955650060757659e-02 -6.850000301078431851e-07
4.840525516403412082e-02 -2.000716768589709327e-07
4.953095382746066505e-02 -1.477586280609415791e-07
5.065665249088720928e-02 -4.986580445509559074e-07
5.178238153098439073e-02 -1.079227180058103811e-06
5.290808019441093496e-02 -1.046127918556842718e-06
5.403377885783747919e-02 5.097759911821861778e-08
5.515947752126402343e-02 -2.170909822150214072e-08
5.628517618469056766e-02 -2.234843491771268051e-19
5.741087484811711189e-02 -7.850873748091720049e-07
5.853657351154365612e-02 -1.775743356589257888e-06
5.966230255164083757e-02 -1.379114655749615652e-06
6.078800121506738180e-02 -2.188394947992095461e-06
6.191369987849392603e-02 -9.527035569954020802e-07
6.303939854192046333e-02 -2.199243867792063517e-06
6.416509720534700756e-02 -3.759135379211364627e-06
6.529079586877355179e-02 3.489741336401342887e-07
6.641652490887073323e-02 -5.492107264755434795e-07
6.754222357229727747e-02 -7.347199999995230714e-07
6.866792223572296128e-02 -1.165945575130837232e-08
6.979362089914950551e-02 -6.242430681040511637e-07
7.091931956257604974e-02 -9.609177105004707494e-07
7.204501822600259398e-02 -2.611804918030533500e-07
7.317074726609977542e-02 -4.080272027016098803e-08
7.429644592952631965e-02 -2.929707477505236201e-07
7.542214459295286388e-02 -4.614738076304574305e-07
7.654784325637940812e-02 -4.191022663543223010e-07
7.767354191980595235e-02 -1.200036468512191496e-07
7.879924058323249658e-02 -1.039359841035204241e-06
7.992496962332967803e-02 -8.304058185279136611e-08
8.105066828675622226e-02 -1.572870838125557491e-07
8.217636695018276649e-02 -1.120339205984072542e-07
8.330206561360931072e-02 5.296800510398608563e-09
8.442776427703585496e-02 4.494268905060686120e-09
8.555346294046239919e-02 -8.577122391746767667e-08
8.667919198055958063e-02 -2.919420158474491674e-07
8.780489064398612487e-02 -1.171576889100463776e-07
8.893058930741266910e-02 -1.515872136511847663e-07
9.005628797083921333e-02 -9.856000000000183546e-07
9.118198663426488326e-02 -1.342311879219878947e-07
9.230768529769142750e-02 9.511240420306597944e-08
9.343338396111797173e-02 -4.783739717004683681e-07
9.455911300121515317e-02 -9.095674641728664777e-07
9.568481166464169740e-02 -4.109516755600840177e-07
9.681051032806824164e-02 8.795235244612596549e-08
9.793620899149478587e-02 -1.002070852929172372e-07
9.906190765492133010e-02 8.935253860293221096e-08
1.001876063183478743e-01 -7.459053671971611219e-07
1.013133353584450558e-01 -3.351040000000000445e-06
1.024390340218716000e-01 -3.443886897009466417e-07
1.035647326852981442e-01 -2.319025398153950954e-06
1.046904313487246885e-01 -5.444699802393869540e-07
1.058161300121512327e-01 -1.154048959169905197e-06
1.069418286755777769e-01 4.093740339377128907e-06
1.080675577156749584e-01 -1.881784826556767102e-05
1.091932563791015026e-01 5.756177308903170881e-05
1.103189550425280469e-01 3.680045992911655300e-04
1.114446537059545911e-01 7.025159124778336539e-04
1.125703523693802749e-01 9.350297600000001975e-04
1.136960510328068191e-01 1.085549526431884735e-03
1.148217800729040006e-01 1.167340499950105404e-03
1.159474787363305448e-01 1.245347216399453208e-03
1.170731773997570890e-01 1.257215752137882470e-03
1.181988760631836333e-01 1.228494643695645728e-03
1.193245747266101636e-01 1.213842508351509458e-03
1.204502733900367079e-01 1.198201798409811005e-03
1.215760024301339032e-01 1.189326776509230929e-03
1.227017010935604474e-01 1.152421209205741750e-03
1.238273997569869778e-01 1.016727040000000096e-03
1.249530984204135220e-01 9.756565650190093201e-04
1.260787970838400662e-01 9.282191795502031401e-04
1.272044957472666105e-01 8.825492950522692342e-04
1.283302247873638058e-01 8.445584755038897627e-04
1.294559234507903500e-01 8.157491940795348314e-04
1.305816221142168942e-01 7.211123438026447634e-04
1.317073207776434385e-01 6.124224106244068174e-04
1.328330194410699827e-01 5.987612726548226108e-04
1.339587181044965269e-01 5.739098511032229974e-04
1.350844167679221830e-01 5.568464620664704276e-04
1.362101458080202387e-01 5.412128094785252337e-04
1.373358444714459226e-01 5.166560170326875380e-04
1.384615431348724668e-01 4.839419227215399568e-04
1.395872417982990110e-01 4.675891397995967833e-04
1.407129404617255553e-01 3.908928655921618009e-04
1.418386391251520995e-01 3.318629440353330212e-04
1.429643681652492671e-01 3.572620745876417363e-04
1.440900668286758113e-01 3.685441994813451255e-04
1.452157654921023555e-01 3.848527567320465803e-04
1.463414641555288997e-01 4.129305600000000853e-04
1.474671628189554440e-01 4.208279278961037854e-04
1.485928614823819882e-01 4.219711993074751351e-04
1.497185905224791835e-01 4.256083176313206679e-04
1.508442891859057278e-01 4.214246662441078930e-04
1.519699878493322720e-01 4.458424852591505211e-04
1.530956865127588162e-01 4.852856898930082400e-04
1.542213851761853605e-01 5.089446357433197480e-04
1.553470838396119047e-01 5.376629468287953293e-04
1.564728128797090723e-01 5.687595782127316622e-04
1.575985115431356165e-01 6.040115200000357619e-04
1.587242102065621607e-01 6.522592441790771084e-04
1.598499088699878445e-01 6.622487609278454113e-04
1.609756075334143888e-01 6.707562597509177148e-04
1.621013061968409330e-01 6.882184655479037108e-04
1.632270352369381283e-01 6.924517367369568835e-04
1.643527339003646726e-01 7.410022476786577933e-04
1.654784325637912168e-01 8.037865972280138068e-04
1.666041312272177610e-01 8.072371648381440395e-04
1.677298298906443053e-01 8.270812822840548735e-04
1.688555285540708495e-01 8.368458280869607796e-04
1.699812272174973660e-01 8.465143608806336784e-04
1.711069562575945613e-01 8.517671693544569093e-04
1.722326549210211055e-01 8.907837826819995329e-04
1.733583535844476498e-01 8.958168086658350494e-04
1.744840522478741940e-01 8.913740987200634899e-04
1.756097509113007382e-01 9.058831901256318318e-04
1.767354495747272825e-01 9.183324615944546106e-04
1.778611786148244778e-01 9.264355724724666506e-04
1.789868772782509942e-01 9.455675034467236765e-04
1.801125759416775385e-01 1.017282560000034187e-03
1.812382746051032223e-01 1.021233073227063382e-03
1.823639732685297665e-01 1.016934815357419105e-03
1.834896719319563108e-01 1.008179327000556730e-03
1.846154009720535061e-01 1.006095451870052697e-03
1.857410996354800503e-01 1.003185153177195291e-03
1.868667982989065945e-01 9.959765181181939441e-04
1.879924969623331388e-01 9.872918186746234854e-04
1.891181956257596830e-01 9.811922306811708683e-04
1.902438942891862272e-01 9.935197504597113004e-04
1.913696233292833948e-01 9.986636800000002132e-04
1.924953219927099390e-01 1.002128526304992776e-03
1.936210206561364833e-01 1.000070221675870841e-03
1.947467193195630275e-01 1.069096733402622769e-03
1.958724179829895717e-01 1.081539049569642729e-03
1.969981166464161160e-01 1.050586441138209783e-03
1.981238456865133113e-01 1.033905853086750874e-03
1.992495443499398555e-01 1.017335837792011401e-03
2.003752430133663998e-01 1.008703157094854386e-03
2.015009416767929440e-01 9.961495075336724171e-04
2.026266403402194882e-01 9.883596799999949667e-04
2.037523390036451443e-01 9.820884873303573764e-04
2.048780376670716885e-01 9.810730008407249000e-04
2.060037667071688838e-01 1.003990532073054413e-03
2.071294653705954281e-01 1.009649308496624563e-03
2.082551640340219723e-01 1.004352335460684210e-03
2.093808626974485165e-01 1.007508005491081172e-03
2.105065613608750608e-01 1.003948796229561400e-03
2.116322600243016050e-01 1.015175681191167380e-03
2.127579890643987726e-01 1.046914325304215991e-03
2.138836877278253168e-01 1.021081600000000060e-03
2.150093863912518610e-01 1.007500829571590173e-03
2.161350850546784053e-01 1.000732692253649640e-03
2.172607837181049495e-01 9.951827184548332240e-04
2.183864823815314937e-01 9.946769024964585357e-04
2.195122114216286890e-01 9.945539438427687152e-04
2.206379100850552333e-01 9.983522814138324347e-04
2.217636087484817775e-01 1.002627248181566302e-03
2.228893074119083217e-01 1.004908110568730273e-03
2.240150060753348660e-01 1.012222380562024073e-03
2.251407047387614102e-01 1.004756517291090700e-03
2.262664337788585778e-01 1.011893340595384399e-03
2.273921324422851220e-01 1.014121125451489464e-03
2.285178311057108058e-01 1.017034072763288444e-03
2.296435297691373500e-01 1.009882364297961512e-03
2.307692284325638943e-01 1.007034238429515682e-03
2.318949270959904385e-01 1.018484646920632354e-03
2.330206561360876338e-01 1.031022907197591066e-03
2.341463547995141781e-01 1.043079358135884805e-03
2.352720534629407223e-01 1.057629725413129339e-03
2.363977521263672665e-01 1.070397440000000035e-03
2.375234507897938108e-01 1.087332575532365354e-03
2.386491494532203272e-01 1.100438426431072985e-03
2.397748481166468715e-01 1.112261873104156921e-03
2.409005771567440668e-01 1.124052607999252024e-03
2.420262758201706110e-01 1.134400595823151919e-03
2.431519744835971553e-01 1.144873829491756560e-03
2.442776731470236995e-01 1.152549624377232100e-03
2.454033718104502437e-01 1.154819241089137657e-03
2.465290704738767880e-01 1.163724001390173879e-03
2.476547995139739555e-01 1.171197439999986222e-03
2.487804981774004998e-01 1.138420324540200066e-03
2.499061968408261836e-01 1.152232699508194420e-03
2.510318955042527556e-01 1.186692518494274467e-03
2.521575941676792998e-01 1.218015502932727825e-03
2.532832928311058440e-01 1.240886465463462117e-03
2.544090218712030116e-01 1.262264568606581228e-03
2.555347205346295558e-01 1.284227025877295297e-03
2.566604191980561001e-01 1.300779382381986272e-03
2.577861178614826443e-01 1.320516217511850639e-03
2.589118165249091885e-01 1.335416320000000316e-03
2.600375151883357328e-01 1.345658883687055182e-03
2.611632442284329003e-01 1.357432856360765066e-03
2.622889428918594446e-01 1.368214297459177707e-03
2.634146415552859888e-01 1.374587858228749817e-03
2.645403402187125330e-01 1.384108778049388151e-03
2.656660388821390772e-01 1.372879390462035127e-03
2.667917375455656215e-01 1.350270381237086374e-03
2.679174665856627890e-01 1.382211724367136529e-03
2.690431652490893333e-01 1.447983840989415603e-03
2.701688639125158775e-01 1.464028160000007198e-03
2.712945625759424217e-01 1.479520869513200384e-03
2.724202612393681333e-01 1.495483121479678238e-03
2.735459599027946775e-01 1.508735597467433147e-03
2.746716585662212218e-01 1.522436569625567259e-03
2.757973876063183893e-01 1.531832510811464423e-03
2.769230862697449336e-01 1.541432922228118006e-03
2.780487849331714778e-01 1.552303797440319610e-03
2.791744835965980220e-01 1.558955692019970297e-03
2.803001822600245663e-01 1.566566282505211420e-03
2.814258809234511105e-01 1.570365300550641448e-03
2.825516099635482781e-01 1.577700920359803799e-03
2.836773086269748223e-01 1.584394893136984979e-03
2.848030072904013665e-01 1.591280914961120362e-03
2.859287059538279108e-01 1.599843979664001062e-03
2.870544046172544550e-01 1.608126328917601142e-03
2.881801032806809992e-01 1.615448215884757351e-03
2.893058323207781668e-01 1.713313120602416454e-03
2.904315309842047110e-01 1.843410331020804921e-03
2.915572296476312553e-01 1.805031500769392226e-03
2.926829283110577995e-01 1.795512319999997830e-03
2.938086269744843437e-01 1.785094778161942525e-03
2.949343256379100553e-01 1.782815237600280040e-03
2.960600546780081110e-01 1.781245369612324998e-03
2.971857533414337671e-01 1.780675601549995806e-03
2.983114520048603113e-01 1.782565366748317540e-03
2.994371506682868556e-01 1.780685198270466618e-03
3.005628493317133998e-01 1.780899672151954171e-03
3.016885479951399440e-01 1.787748618022880947e-03
3.028142770352371116e-01 1.790727700590062296e-03
3.039399756986636558e-01 1.794777599999999992e-03
3.050656743620902001e-01 1.797306605991501370e-03
3.061913730255167443e-01 1.805877376244133508e-03
3.073170716889432885e-01 1.813369862154115466e-03
3.084427703523698328e-01 1.824765107026496717e-03
3.095684690157963770e-01 1.834812713893665221e-03
3.106941980558936001e-01 1.854213373605162821e-03
3.118198967193200888e-01 1.873582616149992728e-03
3.129455953827466330e-01 1.871587978161856278e-03
3.140712940461731773e-01 1.873431710961119458e-03
3.151969927095997215e-01 1.876241863831247698e-03
3.163226913730262657e-01 1.878024224028144616e-03
3.174484204131234888e-01 1.881989739567512844e-03
3.185741190765491448e-01 1.888837463422237848e-03
3.196998177399756891e-01 1.896474265916525117e-03
3.208255164034022333e-01 1.903267946777284980e-03
3.219512150668287775e-01 1.909958468507761461e-03
3.230769137302553218e-01 1.918170632098164250e-03
3.242026427703524893e-01 1.926327575699007160e-03
3.253283414337790336e-01 1.932601889133336772e-03
3.264540400972055778e-01 1.939947520000000333e-03
3.275797387606321220e-01 1.946700676312691823e-03
3.287054374240586663e-01 1.957360070160346719e-03
3.298311360874852105e-01 1.958427316232410047e-03
3.309568651275824336e-01 1.987465672412332303e-03
3.320825637910089778e-01 1.892681352191824540e-03
3.332082624544355220e-01 1.817115576055875099e-03
3.343339611178620663e-01 1.877545535361550659e-03
3.354596597812886105e-01 1.896892037051366815e-03
3.365853584447151547e-01 1.910387253033545875e-03
3.377110874848123223e-01 1.898014720000010085e-03
3.388367861482388665e-01 1.939149340202283049e-03
3.399624848116654108e-01 1.965263037505526975e-03
3.410881834750910668e-01 1.984436345561552042e-03
3.422138821385176111e-01 1.997280979687633684e-03
3.433395808019441553e-01 2.012467297264799136e-03
3.444652794653706995e-01 2.031827859558740963e-03
3.455910085054678671e-01 2.042977350706705938e-03
3.467167071688944113e-01 2.052307298342256458e-03
3.478424058323209556e-01 2.065610175136714868e-03
3.489681044957474998e-01 2.073720320000000273e-03
3.500938031591740440e-01 2.080521929095063578e-03
3.512195018226005883e-01 2.088144077056688398e-03
3.523452308626978113e-01 2.093921405569657175e-03
3.534709295261243556e-01 2.094813378283333100e-03
3.545966281895508998e-01 2.109512658600826672e-03
3.557223268529774440e-01 2.137519500248770844e-03
3.568480255164039883e-01 2.154019814287480399e-03
3.579737241798305325e-01 2.156102572031329441e-03
3.590994532199277001e-01 2.156739219566533323e-03
3.602251518833542443e-01 2.154270719999999088e-03
3.613508505467807885e-01 2.132526162131144053e-03
3.624765492102073328e-01 2.037539669568284167e-03
3.636022478736329888e-01 2.077074402521913738e-03
3.647279465370595330e-01 2.126629141394394996e-03
3.658536755771567561e-01 2.132428245220352285e-03
3.669793742405833004e-01 2.140453549189123925e-03
3.681050729040098446e-01 2.144344072849321912e-03
3.692307715674363888e-01 2.151045179138512918e-03
3.703564702308629331e-01 2.153881375567404718e-03
3.714821688942894218e-01 2.157191695633376566e-03
3.726078979343866449e-01 2.154183790805598575e-03
3.737335965978131891e-01 2.157764618329877700e-03
3.748592952612397333e-01 2.157161255355950682e-03
3.759849939246662776e-01 2.161830490972205168e-03
3.771106925880928218e-01 2.141067919081354395e-03
3.782363912515193660e-01 2.212582511976670090e-03
3.793620899149459103e-01 2.319985524254320614e-03
3.804878189550430778e-01 2.294750277426115415e-03
3.816135176184696221e-01 2.284636794323754820e-03
3.827392162818961663e-01 2.265840639999990806e-03
3.838649149453227105e-01 2.262431360740582448e-03
3.849906136087492547e-01 2.251619262637412962e-03
3.861163122721749108e-01 2.246335030040467421e-03
3.872420413122721339e-01 2.247357631169506591e-03
3.883677399756986781e-01 2.257920402731105908e-03
3.894934386391252223e-01 2.265143474441275173e-03
3.906191373025517666e-01 2.262315348931737656e-03
3.917448359659783108e-01 2.264010330257700421e-03
3.928705346294048550e-01 2.264617226708190434e-03
3.939962636695020226e-01 2.264442880000000144e-03
3.951219623329285668e-01 2.272077964467196596e-03
3.962476609963551111e-01 2.276761225182315478e-03
3.973733596597816553e-01 2.277347765464622989e-03
3.984990583232081995e-01 2.293463255025009716e-03
3.996247569866347438e-01 2.267482473347825263e-03
4.007504860267319113e-01 2.393661650288571741e-03
4.018761846901584556e-01 2.551423036806679812e-03
4.030018833535849998e-01 2.450870040735881640e-03
4.041275820170115440e-01 2.408782322367173257e-03
4.052532806804380883e-01 2.403179519999978052e-03
4.063789793438646325e-01 2.357195976586622631e-03
4.075047083839618001e-01 2.351128945973524412e-03
4.086304070473883443e-01 2.328687584621432719e-03
4.097561057108140559e-01 2.323695766099340837e-03
4.108818043742406001e-01 2.319657421838115796e-03
4.120075030376671443e-01 2.323195504867882431e-03
4.131332017010936886e-01 2.343776985013312775e-03
4.142589003645202328e-01 2.349009152973893962e-03
4.153846294046174004e-01 2.363306122483252187e-03
4.165103280680439446e-01 2.357608960000000687e-03
4.176360267314704888e-01 2.356242643119672246e-03
4.187617253948970331e-01 2.364178288196154207e-03
4.198874240583235773e-01 2.379958773345460746e-03
4.210131227217501215e-01 2.415519926603422983e-03
4.221388517618472891e-01 2.404289911940431148e-03
4.232645504252738333e-01 2.479169406307246779e-03
4.243902490887003776e-01 2.270163804462831374e-03
4.255159477521269218e-01 1.778228767257536772e-03
4.266416464155534660e-01 1.913977728584383012e-03
4.277673450789800103e-01 2.022370787449328730e-03
4.288930741190771778e-01 2.143605901552680416e-03
4.300187727825037221e-01 2.254043141753884951e-03
4.311444714459302663e-01 2.391151339948278942e-03
4.322701701093559778e-01 2.517366707325497267e-03
4.333958687727825221e-01 2.646697836917218626e-03
4.345215674362090663e-01 2.771288972668246083e-03
4.356472964763062339e-01 2.885239624524604720e-03
4.367729951397327781e-01 2.992389120000000201e-03
4.378986938031593223e-01 2.992389120000000201e-03
4.390243924665858666e-01 3.032028160000000208e-03
4.401500911300124108e-01 3.071362560000000588e-03
4.412757897934389550e-01 3.147773440000000388e-03
4.424015188335361226e-01 3.146662399999999860e-03
4.435272174969626668e-01 3.132810239999999236e-03
4.446529161603892111e-01 3.125749760000000148e-03
4.457786148238157553e-01 3.138168319999999796e-03
4.469043134872422995e-01 3.118725120000000531e-03
4.480300121506688438e-01 3.103923199999999820e-03
4.491557108140953880e-01 3.093888000000000367e-03
4.502814398541925556e-01 3.078369279999999819e-03
4.514071385176190998e-01 3.043264000000000385e-03
4.525328371810456440e-01 2.995919359999999962e-03
4.536585358444721883e-01 2.953753600000000139e-03
4.547842345078978998e-01 2.883238399999999910e-03
4.559099331713244441e-01 2.810590720000000122e-03
4.570356622114216116e-01 2.739304960000000198e-03
4.581613608748481559e-01 2.677570560000000575e-03
4.592870595382747001e-01 2.601697279999999352e-03
4.604127582017012443e-01 2.529085440000000337e-03
4.615384568651277886e-01 2.457459200000000014e-03
4.626641555285543328e-01 2.359813120000000056e-03
4.637898845686515004e-01 2.300784640000000207e-03
4.649155832320780446e-01 2.245662719999999557e-03
4.660412818955045888e-01 2.183444479999999480e-03
4.671669805589311331e-01 2.133125119999999993e-03
4.682926792223576773e-01 2.082967040000000512e-03
4.694183778857842215e-01 2.001735680000000031e-03
4.705441069258814446e-01 2.006663679999999995e-03
4.716698055893079888e-01 1.982919679999999973e-03
4.727955042527345331e-01 1.932707839999999984e-03
4.739212029161610773e-01 1.919375359999999937e-03
4.750469015795876215e-01 1.914465280000000359e-03
4.761726002430141658e-01 1.910433280000000192e-03
4.772983292831113333e-01 1.906186239999999943e-03
4.784240279465369894e-01 1.906490879999999787e-03
4.795497266099635336e-01 1.901688319999999925e-03
4.806754252733900779e-01 1.878804479999999794e-03
4.818011239368166221e-01 1.887316480000000027e-03
4.829268226002431663e-01 1.900523519999999756e-03
4.840525212636697105e-01 1.914178559999999817e-03
4.851782503037668781e-01 1.927708159999999993e-03
4.863039489671934223e-01 1.940610560000000312e-03
4.874296476306199666e-01 1.953011199999999791e-03
4.885553462940465108e-01 1.958458880000000114e-03
4.896810449574730550e-01 1.983206400000000081e-03
4.908067436208995993e-01 2.047897599999999683e-03
4.919324726609968224e-01 2.058129919999999481e-03
4.930581713244233666e-01 2.039690240000000161e-03
4.941838699878499108e-01 2.067914240000000032e-03
4.953095686512764551e-01 2.080744959999999456e-03
4.964352673147029993e-01 2.090708479999999533e-03
4.975609659781295435e-01 2.100582399999999846e-03
4.986866950182267111e-01 2.114631679999999948e-03
4.998123936816532553e-01 2.127462399999999806e-03
5.009380923450789114e-01 2.114309120000000368e-03
5.020637910085055111e-01 2.122444800000000079e-03
5.031894896719319998e-01 2.132910080000000562e-03
5.043151883353585996e-01 2.149002240000000025e-03
5.054409173754557116e-01 2.158069759999999872e-03
5.065666160388823114e-01 2.165506560000000566e-03
5.076923147023088001e-01 2.175111679999999856e-03
5.088180133657353998e-01 2.184770559999999872e-03
5.099437120291618886e-01 2.188103679999999721e-03
5.110694106925884883e-01 2.199303679999999993e-03
5.121951397326856004e-01 2.201310719999999884e-03
5.133208383961122001e-01 2.212259840000000387e-03
5.144465370595386888e-01 2.224857599999999994e-03
5.155722357229652886e-01 2.257436159999999612e-03
5.166979343863917773e-01 2.284907520000000174e-03
5.178236330498183770e-01 2.311285760000000161e-03
5.189493317132448658e-01 2.335441920000000393e-03
5.200750607533420888e-01 2.356497919999999725e-03
5.212007594167685776e-01 2.385850880000000077e-03
5.223264580801951773e-01 2.420275200000000012e-03
5.234521567436208889e-01 2.464268800000000634e-03
5.245778554070473776e-01 2.507455999999999921e-03
5.257035540704739773e-01 2.550231039999999866e-03
5.268292831105710894e-01 2.594654720000000216e-03
5.279549817739976891e-01 2.639365119999999808e-03
5.290806804374241779e-01 2.697175040000000280e-03
5.302063791008507776e-01 2.728785919999999424e-03
5.313320777642772663e-01 2.767170560000000151e-03
5.324577764277038661e-01 2.802257920000000065e-03
5.335835054678009781e-01 2.815267839999999883e-03
5.347092041312275779e-01 2.835571199999999906e-03
5.358349027946540666e-01 2.881571839999999985e-03
5.369606014580806663e-01 2.891678720000000116e-03
5.380863001215071550e-01 2.899742720000000450e-03
5.392119987849337548e-01 2.908684800000000195e-03
5.403377278250309779e-01 2.916641279999999947e-03
5.414634264884574666e-01 2.924113920000000113e-03
5.425891251518840663e-01 2.929059840000000463e-03
5.437148238153105551e-01 2.891571199999999967e-03
5.448405224787371548e-01 2.961566719999999837e-03
5.459662211421627553e-01 2.976296960000000304e-03
5.470919501822599784e-01 2.988643840000000142e-03
5.482176488456864671e-01 3.000184319999999946e-03
5.493433475091130669e-01 3.010344960000000368e-03
5.504690461725395556e-01 3.004090880000000446e-03
5.515947448359661553e-01 3.012835839999999845e-03
5.527204434993926441e-01 3.021294080000000437e-03
5.538461421628192438e-01 3.029125120000000088e-03
5.549718712029163559e-01 3.037565439999999860e-03
5.560975698663429556e-01 3.046167039999999639e-03
5.572232685297694443e-01 3.055360000000000020e-03
5.583489671931960441e-01 3.067438080000000136e-03
5.594746658566225328e-01 3.085644800000000507e-03
5.606003645200491325e-01 3.070018560000000243e-03
5.617260935601463556e-01 3.069552640000000610e-03
5.628517922235728443e-01 3.073029119999999646e-03
5.639774908869994441e-01 3.101253119999999516e-03
5.651031895504259328e-01 3.110894080000000013e-03
5.662288882138525326e-01 3.127810559999999896e-03
5.673545868772790213e-01 3.149207040000000062e-03
5.684803159173762444e-01 3.143293440000000105e-03
5.696060145808018449e-01 3.150210560000000007e-03
5.707317132442284446e-01 3.197967359999999773e-03
5.718574119076549334e-01 3.191336959999999980e-03
5.729831105710815331e-01 3.184133120000000403e-03
5.741088092345080218e-01 3.178416639999999925e-03
5.752345382746052449e-01 3.180853760000000412e-03
5.763602369380318446e-01 3.181893119999999395e-03
5.774859356014583334e-01 3.179223039999999525e-03
5.786116342648848221e-01 3.175854080000000204e-03
5.797373329283114218e-01 3.171571199999999400e-03
5.808630315917379106e-01 3.166499839999999816e-03
5.819887606318351336e-01 3.146411519999999656e-03
5.831144592952617334e-01 3.120248319999999534e-03
5.842401579586882221e-01 3.100339200000000201e-03
5.853658566221148218e-01 3.075376639999999936e-03
5.864915552855413106e-01 3.048209919999999868e-03
5.876172539489679103e-01 3.018874879999999469e-03
5.887429526123943990e-01 2.972945920000000068e-03
5.898686816524916221e-01 2.904168960000000008e-03
5.909943803159181108e-01 2.829352959999999889e-03
5.921200789793438224e-01 2.772851199999999856e-03
5.932457776427703111e-01 2.704396800000000243e-03
5.943714763061969109e-01 2.636014080000000440e-03
5.954971749696233996e-01 2.551790080000000075e-03
5.966229040097206227e-01 2.483783680000000143e-03
5.977486026731472224e-01 2.411315199999999881e-03
5.988743013365737111e-01 2.329402879999999901e-03
6.000000000000003109e-01 2.310551039999999504e-03
6.011256986634267996e-01 2.285373439999999808e-03
6.022513973268533993e-01 2.220144639999999895e-03
6.033771263669505114e-01 2.220359679999999759e-03
6.045028250303771111e-01 2.223316480000000171e-03
6.056285236938035998e-01 2.226918400000000176e-03
6.067542223572301996e-01 2.229391360000000134e-03
6.078799210206566883e-01 2.231057920000000059e-03
6.090056196840832881e-01 2.234641920000000111e-03
6.101313487241804001e-01 2.236756480000000151e-03
6.112570473876069999e-01 2.266826240000000339e-03
6.123827460510334886e-01 2.298150399999999809e-03
6.135084447144600883e-01 2.333309439999999967e-03
6.146341433778856889e-01 2.359902719999999818e-03
6.157598420413122886e-01 2.382786559999999949e-03
6.168855710814095117e-01 2.440040960000000158e-03
6.180112697448360004e-01 2.500431359999999437e-03
6.191369684082626001e-01 2.562577920000000571e-03
6.202626670716890889e-01 2.628021759999999915e-03
6.213883657351156886e-01 2.716725760000000128e-03
6.225140643985421773e-01 2.802168319999999435e-03
6.236397630619687771e-01 2.898757120000000024e-03
6.247654921020658891e-01 2.997191680000000063e-03
6.258911907654924889e-01 3.093511680000000062e-03
6.270168894289189776e-01 3.211156479999999983e-03
6.281425880923455773e-01 3.301527040000000121e-03
6.292682867557720661e-01 3.387507200000000173e-03
6.303939854191986658e-01 3.493665280000000147e-03
6.315197144592957779e-01 3.551797759999999766e-03
6.326454131227223776e-01 3.605898240000000084e-03
6.337711117861488663e-01 3.653905920000000054e-03
6.348968104495754661e-01 3.747681279999999417e-03
6.360225091130019548e-01 3.812533759999999893e-03
6.371482077764276664e-01 3.916881920000000322e-03
6.382739368165248894e-01 3.927956479999999626e-03
6.393996354799513782e-01 3.935411200000000706e-03
6.405253341433779779e-01 3.937687040000000319e-03
6.416510328068044666e-01 3.921630720000000327e-03
6.427767314702310664e-01 3.966807039999999986e-03
6.439024301336575551e-01 3.980945920000000283e-03
6.450281591737547782e-01 3.990031360000000082e-03
6.461538578371812669e-01 3.954352640000000432e-03
6.472795565006078666e-01 3.926935040000000161e-03
6.484052551640343554e-01 3.899212799999999830e-03
6.495309538274609551e-01 3.863229440000000119e-03
6.506566524908874438e-01 3.840560639999999852e-03
6.517823815309846669e-01 3.782231039999999888e-03
6.529080801944111556e-01 3.702271999999999508e-03
6.540337788578377554e-01 3.615700480000000154e-03
6.551594775212642441e-01 3.536404480000000187e-03
6.562851761846908438e-01 3.454492160000000207e-03
6.574108748481173325e-01 3.369210880000000040e-03
6.585365735115439323e-01 3.281850879999999738e-03
6.596623025516410443e-01 3.228807680000000090e-03
6.607880012150667559e-01 3.176284159999999933e-03
6.619136998784933557e-01 3.118080000000000504e-03
6.630393985419198444e-01 3.086863360000000750e-03
6.641650972053464441e-01 3.061237760000000072e-03
6.652907958687729328e-01 3.015255039999999512e-03
6.664165249088701559e-01 2.982210559999999393e-03
6.675422235722966446e-01 2.956871680000000557e-03
6.686679222357232444e-01 2.934382080000000250e-03
6.697936208991497331e-01 2.914024960000000369e-03
6.709193195625763328e-01 2.898775039999999976e-03
6.720450182260028216e-01 2.870085120000000038e-03
6.731707472661000446e-01 2.870909440000000024e-03
6.742964459295265334e-01 2.850749440000000055e-03
6.754221445929531331e-01 2.846233599999999867e-03
6.765478432563796218e-01 2.858132479999999590e-03
6.776735419198062216e-01 2.844782079999999373e-03
6.787992405832327103e-01 2.838850559999999898e-03
6.799249696233299334e-01 2.831431680000000024e-03
6.810506682867565331e-01 2.843509760000000573e-03
6.821763669501830218e-01 2.849889279999999730e-03
6.833020656136087334e-01 2.859333119999999447e-03
6.844277642770352221e-01 2.867558399999999355e-03
6.855534629404618219e-01 2.878507520000000292e-03
6.866791919805589339e-01 2.886087680000000173e-03
6.878048906439855337e-01 2.890961920000000279e-03
6.889305893074120224e-01 2.900800000000000253e-03
6.900562879708386221e-01 2.933772799999999695e-03
6.911819866342651109e-01 2.936030719999999355e-03
6.923076852976917106e-01 2.929991680000000598e-03
6.934333839611181993e-01 2.917107200000000015e-03
6.945591130012154224e-01 2.917608959999999987e-03
6.956848116646419111e-01 2.926694399999999786e-03
6.968105103280685109e-01 2.940098559999999861e-03
6.979362089914949996e-01 2.945868800000000197e-03
6.990619076549215993e-01 2.951191039999999551e-03
7.001876063183480881e-01 2.922357759999999558e-03
7.013133353584453111e-01 2.932751360000000231e-03
7.024390340218719109e-01 2.940062719999999956e-03
7.035647326852983996e-01 2.941281280000000633e-03
7.046904313487249993e-01 2.956029440000000619e-03
7.058161300121505999e-01 2.980741119999999814e-03
7.069418286755771996e-01 2.997137919999999772e-03
7.080675577156743117e-01 3.009377279999999894e-03
7.091932563791009114e-01 3.019071999999999815e-03
7.103189550425274001e-01 3.025379840000000028e-03
7.114446537059539999e-01 3.020039679999999421e-03
7.125703523693804886e-01 3.040271360000000068e-03
7.136960510328070884e-01 3.070251520000000494e-03
7.148217800729042004e-01 3.095214079999999458e-03
7.159474787363308002e-01 3.071129600000000338e-03
7.170731773997572889e-01 3.116789760000000017e-03
7.181988760631838886e-01 3.135516160000000312e-03
7.193245747266103773e-01 3.150013440000000095e-03
7.204502733900369771e-01 3.155066880000000160e-03
7.215760024301342002e-01 3.173793279999999589e-03
7.227017010935606889e-01 3.206228480000000020e-03
7.238273997569872886e-01 3.246620160000000636e-03
7.249530984204137773e-01 3.264199680000000499e-03
7.260787970838403771e-01 3.294466559999999732e-03
7.272044957472668658e-01 3.326113280000000082e-03
7.283302247873640889e-01 3.388349440000000112e-03
7.294559234507896894e-01 3.412039679999999842e-03
7.305816221142162892e-01 3.434403840000000048e-03
7.317073207776427779e-01 3.457000960000000504e-03
7.328330194410693776e-01 3.476981760000000515e-03
7.339587181044958664e-01 3.497392639999999820e-03
7.350844167679224661e-01 3.566420480000000517e-03
7.362101458080196892e-01 3.559306239999999837e-03
7.373358444714461779e-01 3.551905279999999915e-03
7.384615431348727776e-01 3.545597440000000135e-03
7.395872417982992664e-01 3.539647999999999840e-03
7.407129404617258661e-01 3.535060479999999842e-03
7.418386391251523548e-01 3.531548159999999600e-03
7.429643681652495779e-01 3.532014080000000101e-03
7.440900668286760666e-01 3.523914239999999861e-03
7.452157654921026664e-01 3.517695999999999844e-03
7.463414641555291551e-01 3.490439680000000447e-03
7.474671628189557548e-01 3.451392000000000175e-03
7.485928614823822436e-01 3.413562880000000146e-03
7.497185905224794666e-01 3.375895039999999691e-03
7.508442891859059554e-01 3.340072959999999987e-03
7.519699878493316669e-01 3.304448000000000194e-03
7.530956865127581557e-01 3.220815359999999999e-03
7.542213851761847554e-01 3.216926719999999885e-03
7.553470838396112441e-01 3.215457279999999873e-03
7.564728128797084672e-01 3.198021120000000064e-03
7.575985115431350669e-01 3.185423360000000023e-03
7.587242102065615557e-01 3.173578240000000158e-03
7.598499088699881554e-01 3.191265280000000169e-03
7.609756075334146441e-01 3.183738880000000146e-03
7.621013061968412439e-01 3.177054720000000061e-03
7.632270352369383559e-01 3.170854399999999997e-03
7.643527339003649557e-01 3.161679360000000001e-03
7.654784325637914444e-01 3.149726719999999987e-03
7.666041312272180441e-01 3.134709759999999845e-03
7.677298298906445329e-01 3.130301439999999807e-03
7.688555285540711326e-01 3.125355519999999891e-03
7.699812272174976213e-01 3.104407039999999840e-03
7.711069562575948444e-01 3.059517439999999856e-03
7.722326549210213331e-01 3.015075839999999986e-03
7.733583535844479329e-01 2.975795199999999897e-03
7.744840522478736444e-01 2.897789439999999984e-03
7.756097509113001331e-01 2.821056000000000171e-03
7.767354495747266219e-01 2.747153920000000235e-03
7.778611786148238449e-01 2.657052159999999819e-03
7.789868772782504447e-01 2.567237119999999945e-03
7.801125759416769334e-01 2.478497280000000261e-03
7.812382746051035332e-01 2.370744320000000172e-03
7.823639732685300219e-01 2.275212799999999820e-03
7.834896719319566216e-01 2.143877120000000150e-03
7.846154009720537337e-01 2.006932480000000150e-03
7.857410996354803334e-01 1.863321600000000236e-03
7.868667982989068221e-01 1.725140480000000257e-03
7.879924969623334219e-01 1.566620159999999916e-03
7.891181956257599106e-01 1.429603839999999890e-03
7.902438942891865103e-01 1.319252479999999958e-03
7.913696233292836224e-01 1.148654079999999935e-03
7.924953219927102221e-01 1.023554560000000018e-03
7.936210206561367109e-01 8.983295999999999989e-04
7.947467193195633106e-01 7.669939199999998951e-04
7.958724179829897993e-01 6.838451200000000450e-04
7.969981166464155109e-01 5.993344000000000059e-04
7.981238456865127340e-01 5.262745600000000084e-04
7.992495443499392227e-01 4.006912000000000711e-04
8.003752430133658224e-01 3.043712000000000175e-04
8.015009416767923112e-01 1.950412800000000111e-04
8.026266403402189109e-01 1.224294400000000202e-04
8.037523390036453996e-01 4.877824000000000276e-05
8.048780376670719994e-01 -2.707711999999999326e-05
8.060037667071691114e-01 -1.061043200000000080e-04
8.071294653705957112e-01 -1.467110400000000013e-04
8.082551640340221999e-01 -1.943065600000000318e-04
8.093808626974487996e-01 -2.518118399999999557e-04
8.105065613608752884e-01 -2.978662400000000004e-04
8.116322600243018881e-01 -3.445299200000000043e-04
8.127579890643990002e-01 -3.938995199999999999e-04
8.138836877278255999e-01 -4.342553600000000069e-04
8.150093863912520886e-01 -4.758297599999999862e-04
8.161350850546786884e-01 -5.256294399999999816e-04
8.172607837181051771e-01 -5.627059200000000512e-04
8.183864823815308887e-01 -5.656627200000001379e-04
8.195122114216288889e-01 -5.673113599999998931e-04
8.206379100850546005e-01 -5.764684800000000444e-04
8.217636087484812002e-01 -5.923635199999999212e-04
8.228893074119076889e-01 -5.884211199999999503e-04
8.240150060753342887e-01 -6.556032000000001133e-04
8.251407047387607774e-01 -7.542528000000001251e-04
8.262664337788580005e-01 -8.225100799999999351e-04
8.273921324422844892e-01 -8.898534399999999964e-04
8.285178311057110889e-01 -9.367321600000000272e-04
8.296435297691375776e-01 -9.827328000000001059e-04
8.307692284325641774e-01 -1.035650560000000086e-03
8.318949270959906661e-01 -1.060415999999999789e-03
8.330206561360878892e-01 -1.067404799999999935e-03
8.341463547995143779e-01 -1.115824640000000114e-03
8.352720534629409777e-01 -1.178490880000000090e-03
8.363977521263674664e-01 -1.235100159999999838e-03
8.375234507897940661e-01 -1.282462719999999780e-03
8.386491494532205548e-01 -1.320560639999999964e-03
8.397748481166471546e-01 -1.356991999999999790e-03
8.409005771567443777e-01 -1.409838080000000177e-03
8.420262758201708664e-01 -1.406289920000000030e-03
8.431519744835965779e-01 -1.393889279999999684e-03
8.442776731470230667e-01 -1.385574400000000013e-03
8.454033718104496664e-01 -1.369589760000000048e-03
8.465290704738761551e-01 -1.339448320000000050e-03
8.476547995139733782e-01 -1.327854079999999954e-03
8.487804981773998669e-01 -1.326330880000000084e-03
8.499061968408264667e-01 -1.297694719999999786e-03
8.510318955042529554e-01 -1.277140480000000210e-03
8.521575941676795551e-01 -1.263109120000000061e-03
8.532832928311060439e-01 -1.255959039999999909e-03
8.544090218712032669e-01 -1.240207360000000194e-03
8.555347205346297557e-01 -1.224742399999999938e-03
8.566604191980563554e-01 -1.212538879999999937e-03
8.577861178614828441e-01 -1.195461119999999830e-03
8.589118165249094439e-01 -1.179046399999999920e-03
8.600375151883359326e-01 -1.163635199999999955e-03
8.611632442284331557e-01 -1.144120320000000012e-03
8.622889428918597554e-01 -1.123261439999999724e-03
8.634146415552862441e-01 -1.106040319999999997e-03
8.645403402187128439e-01 -1.094714880000000057e-03
8.656660388821384444e-01 -1.086077439999999939e-03
8.667917375455650442e-01 -1.061329919999999972e-03
8.679174665856621562e-01 -1.056330239999999764e-03
8.690431652490887560e-01 -1.052136960000000024e-03
8.701688639125152447e-01 -1.049448959999999768e-03
8.712945625759418444e-01 -1.042854400000000096e-03
8.724202612393683332e-01 -1.029217279999999988e-03
8.735459599027949329e-01 -1.035937279999999978e-03
8.746716585662214216e-01 -1.054699520000000178e-03
8.757973876063186447e-01 -1.061186559999999918e-03
8.769230862697452444e-01 -1.070504959999999967e-03
8.780487849331717332e-01 -1.084321280000000035e-03
8.791744835965983329e-01 -1.095951360000000036e-03
8.803001822600248216e-01 -1.111756800000000042e-03
8.814258809234513103e-01 -1.135680000000000240e-03
8.825516099635485334e-01 -1.168473599999999939e-03
8.836773086269751332e-01 -1.191124479999999819e-03
8.848030072904016219e-01 -1.229204480000000051e-03
8.859287059538282216e-01 -1.268359680000000038e-03
8.870544046172538222e-01 -1.297354240000000037e-03
8.881801032806804219e-01 -1.320560640000000181e-03
8.893058323207775340e-01 -1.356794880000000095e-03
8.904315309842041337e-01 -1.393996800000000050e-03
8.915572296476306224e-01 -1.423242240000000035e-03
8.926829283110572222e-01 -1.474260479999999840e-03
8.938086269744837109e-01 -1.525601279999999876e-03
8.949343256379103106e-01 -1.575580160000000047e-03
8.960600546780075337e-01 -1.641704959999999757e-03
8.971857533414340224e-01 -1.699138559999999708e-03
8.983114520048606222e-01 -1.747773439999999968e-03
8.994371506682871109e-01 -1.794777600000000209e-03
9.005628493317137107e-01 -1.818611199999999560e-03
9.016885479951401994e-01 -1.834434559999999952e-03
9.028142770352374225e-01 -1.868823039999999982e-03
9.039399756986639112e-01 -1.847605759999999993e-03
9.050656743620905109e-01 -1.844971520000000028e-03
9.061913730255169996e-01 -1.856529920000000002e-03
9.073170716889435994e-01 -1.881510400000000003e-03
9.084427703523700881e-01 -1.888266239999999898e-03
9.095684690157957997e-01 -1.889592320000000073e-03
9.106941980558937999e-01 -1.897674239999999927e-03
9.118198967193195115e-01 -1.868572159999999996e-03
9.129455953827460002e-01 -1.825725440000000024e-03
9.140712940461725999e-01 -1.774528000000000043e-03
9.151969927095990887e-01 -1.711270399999999898e-03
9.163226913730256884e-01 -1.661560320000000316e-03
9.174484204131229115e-01 -1.616079359999999729e-03
9.185741190765494002e-01 -1.555993600000000077e-03
9.196998177399759999e-01 -1.495943680000000114e-03
9.208255164034024887e-01 -1.451591680000000224e-03
9.219512150668290884e-01 -1.443205120000000093e-03
9.230769137302555771e-01 -1.328373759999999879e-03
9.242026427703528002e-01 -1.249669120000000081e-03
9.253283414337792889e-01 -1.169996800000000026e-03
9.264540400972058887e-01 -1.087080960000000101e-03
9.275797387606323774e-01 -1.004487679999999973e-03
9.287054374240589771e-01 -9.199411199999999204e-04
9.298311360874854659e-01 -8.579916799999998903e-04
9.309568651275826889e-01 -8.152524799999999591e-04
9.320825637910091777e-01 -7.400780800000001389e-04
9.332082624544357774e-01 -7.219430399999999040e-04
9.343339611178614890e-01 -7.034854400000000894e-04
9.354596597812879777e-01 -6.844723200000000108e-04
9.365853584447145774e-01 -6.668390399999999654e-04
9.377110874848116895e-01 -6.498329599999999942e-04
9.388367861482382892e-01 -6.309452800000000172e-04
9.399624848116647780e-01 -6.075596800000000221e-04
9.410881834750913777e-01 -6.139750399999998427e-04
9.422138821385178664e-01 -6.198169599999999889e-04
9.433395808019444662e-01 -6.258560000000001552e-04
9.444652794653709549e-01 -6.327014400000000299e-04
9.455910085054681780e-01 -6.387404799999999794e-04
9.467167071688946667e-01 -6.541158400000001479e-04
9.478424058323212664e-01 -6.914969599999999531e-04
9.489681044957477551e-01 -7.240038399999999775e-04
9.500938031591743549e-01 -7.414758400000000162e-04
9.512195018226008436e-01 -7.909708799999999509e-04
9.523452308626980667e-01 -8.429388799999999521e-04
9.534709295261245554e-01 -8.969676800000000267e-04
9.545966281895511552e-01 -9.571071999999999696e-04
9.557223268529768667e-01 -1.046563840000000033e-03
9.568480255164033554e-01 -1.101918720000000067e-03
9.579737241798299552e-01 -1.159907840000000282e-03
9.590994532199270672e-01 -1.206213120000000204e-03
9.602251518833536670e-01 -1.254650879999999902e-03
9.613508505467801557e-01 -1.314306560000000259e-03
9.624765492102067554e-01 -1.363729919999999733e-03
9.636022478736332442e-01 -1.432936959999999739e-03
9.647279465370598439e-01 -1.450122239999999995e-03
9.658536755771569560e-01 -1.477055999999999812e-03
9.669793742405835557e-01 -1.510566399999999998e-03
9.681050729040100444e-01 -1.547463679999999892e-03
9.692307715674366442e-01 -1.581780479999999678e-03
9.703564702308631329e-01 -1.614000639999999811e-03
9.714821688942897326e-01 -1.648299520000000079e-03
9.726078979343868447e-01 -1.681523199999999723e-03
9.737335965978134444e-01 -1.701091840000000174e-03
9.748592952612399332e-01 -1.722506240000000076e-03
9.759849939246665329e-01 -1.740462080000000026e-03
9.771106925880930216e-01 -1.738580480000000020e-03
9.782363912515187332e-01 -1.739333119999999979e-03
9.793620899149453329e-01 -1.736071679999999940e-03
9.804878189550424450e-01 -1.732057599999999725e-03
9.816135176184690447e-01 -1.731018239999999875e-03
9.827392162818955335e-01 -1.738455039999999919e-03
9.838649149453221332e-01 -1.748741119999999791e-03
9.849906136087486219e-01 -1.744422399999999949e-03
9.861163122721752217e-01 -1.739655679999999992e-03
9.872420413122723337e-01 -1.718832639999999827e-03
9.883677399756989335e-01 -1.706539520000000063e-03
9.894934386391254222e-01 -1.696504319999999960e-03
9.906191373025520219e-01 -1.685841919999999999e-03
9.917448359659785107e-01 -1.676577279999999807e-03
9.928705346294051104e-01 -1.665574400000000097e-03
9.939962636695022224e-01 -1.637099519999999806e-03
9.951219623329288222e-01 -1.671093760000000013e-03
9.962476609963553109e-01 -1.683619840000000027e-03
9.973733596597819107e-01 -1.686236159999999606e-03
9.984990583232083994e-01 -1.682885120000000021e-03
9.996247569866349991e-01 -1.674319359999999930e-03
1.000750486026732222e+00 -1.653352959999999927e-03
1.001876184690158711e+00 -1.644769279999999884e-03
1.003001883353584311e+00 -1.651686400000000002e-03
1.004127582017011022e+00 -1.647869440000000133e-03
1.005253280680437511e+00 -1.633605119999999951e-03
1.006378979343864000e+00 -1.640092159999999907e-03
1.007504708383961223e+00 -1.640432640000000306e-03
1.008630407047387711e+00 -1.631418880000000318e-03
1.009756105710814200e+00 -1.643514879999999952e-03
1.010881804374240911e+00 -1.648675839999999950e-03
1.012007503037667400e+00 -1.647654399999999835e-03
1.013133201701093888e+00 -1.641059839999999947e-03
1.014258900364520377e+00 -1.641274880000000245e-03
1.015384629404617600e+00 -1.639160319999999772e-03
1.016510328068044311e+00 -1.622799359999999719e-03
1.017636026731470800e+00 -1.635773440000000065e-03
1.018761725394897288e+00 -1.646238720000000114e-03
1.019887424058323777e+00 -1.657976320000000047e-03
1.021013122721750266e+00 -1.671111680000000183e-03
1.022138851761847489e+00 -1.685358079999999762e-03
1.023264550425274200e+00 -1.690931199999999969e-03
1.024390249088699800e+00 -1.702794240000000221e-03
1.025515947752126289e+00 -1.714460160000000127e-03
1.026641646415552778e+00 -1.733061120000000104e-03
1.027767345078979488e+00 -1.754332159999999951e-03
1.028893074119076489e+00 -1.779258880000000095e-03
1.030018772782503200e+00 -1.806730240000000006e-03
1.031144471445929689e+00 -1.862551040000000107e-03
1.032270170109356178e+00 -1.876869119999999931e-03
1.033395868772782666e+00 -1.903534080000000243e-03
1.034521567436209377e+00 -1.947814400000000105e-03
1.035647296476306600e+00 -1.972490239999999829e-03
1.036772995139733089e+00 -1.980464639999999533e-03
1.037898693803159578e+00 -1.997040639999999451e-03
1.039024392466586066e+00 -2.029153279999999868e-03
1.040150091130012777e+00 -2.019494400000000286e-03
1.041275789793439266e+00 -2.019548160000000144e-03
1.042401518833536489e+00 -2.025121280000000135e-03
1.043527217496962978e+00 -2.040281599999999463e-03
1.044652916160389466e+00 -2.044564479999999400e-03
1.045778614823815955e+00 -2.069544960000000051e-03
1.046904313487241778e+00 -2.031733759999999975e-03
1.048030012150668266e+00 -1.995517440000000448e-03
1.049155710814094755e+00 -1.959390719999999815e-03
1.050281439854191978e+00 -1.916078079999999993e-03
1.051407138517618467e+00 -1.896097279999999982e-03
1.052532837181044956e+00 -1.863930880000000141e-03
1.053658535844471666e+00 -1.839219200000000295e-03
1.054784234507898155e+00 -1.782609919999999680e-03
1.055909933171324644e+00 -1.729047040000000106e-03
1.057035662211421867e+00 -1.677365760000000105e-03
1.058161360874848356e+00 -1.625756159999999914e-03
1.059287059538275066e+00 -1.573985279999999933e-03
1.060412758201701555e+00 -1.528683519999999955e-03
1.061538456865128044e+00 -1.450391039999999934e-03
1.062664155528554533e+00 -1.351078400000000268e-03
1.063789884568651756e+00 -1.261370879999999675e-03
1.064915583232078244e+00 -1.156288000000000107e-03
1.066041281895504955e+00 -1.052817919999999956e-03
1.067166980558931444e+00 -9.500646400000000748e-04
1.068292679222357933e+00 -8.508236799999998939e-04
1.069418377885783533e+00 -7.795558400000002480e-04
1.070544106925881644e+00 -7.134489600000000573e-04
1.071669805589307467e+00 -6.335436799999998600e-04
1.072795504252733956e+00 -6.108390399999999052e-04
1.073921202916160444e+00 -5.874355200000000660e-04
1.075046901579586933e+00 -5.167769599999999996e-04
1.076172600243013644e+00 -5.225113599999998883e-04
1.077298329283110645e+00 -5.351449599999999430e-04
1.078424027946537356e+00 -5.427251200000000409e-04
1.079549726609963844e+00 -5.505024000000000505e-04
1.080675425273390333e+00 -5.561651200000000206e-04
1.081801123936816822e+00 -5.716300799999999519e-04
1.082926822600243533e+00 -6.072371200000000087e-04
1.084052521263670021e+00 -6.830387199999999031e-04
1.085178250303767244e+00 -7.606143999999998712e-04
1.086303948967193733e+00 -8.170444799999999853e-04
1.087429647630620222e+00 -9.311232000000001317e-04
1.088555346294046711e+00 -1.038159359999999950e-03
1.089681044957473421e+00 -1.115466239999999979e-03
1.090806743620899910e+00 -1.252267520000000141e-03
1.091932472660997133e+00 -1.386775040000000087e-03
1.093058171324422734e+00 -1.519454720000000319e-03
1.094183869987849222e+00 -1.663137280000000044e-03
1.095309568651275933e+00 -1.830079999999999771e-03
1.096435267314702422e+00 -1.994495999999999682e-03
1.097560965978128911e+00 -2.172208640000000170e-03
1.098686695018226134e+00 -2.316912640000000443e-03
1.099812393681652622e+00 -2.461957120000000249e-03
1.100938092345079111e+00 -2.613184000000000166e-03
1.102063791008505822e+00 -2.709736959999999983e-03
1.103189489671932311e+00 -2.797150720000000142e-03
1.104315188335358799e+00 -2.884456959999999719e-03
1.105440917375456022e+00 -2.968609279999999840e-03
1.106566616038882511e+00 -3.027566080000000312e-03
1.107692314702309000e+00 -3.085680639999999544e-03
1.108818013365735711e+00 -3.141859839999999564e-03
1.109943712029162199e+00 -3.162521599999999940e-03
1.111069410692588688e+00 -3.155317759999999930e-03
1.112195139732685911e+00 -3.206694400000000087e-03
1.113320838396112400e+00 -3.176893440000000488e-03
1.114446537059538889e+00 -3.146608640000000002e-03
1.115572235722964711e+00 -3.119298559999999880e-03
1.116697934386391200e+00 -3.096360959999999891e-03
1.117823633049817689e+00 -3.069463039999999979e-03
1.118949331713244399e+00 -3.028605440000000162e-03
1.120075060753341400e+00 -2.969756159999999839e-03
1.121200759416768111e+00 -2.887467519999999989e-03
1.122326458080194600e+00 -2.790036479999999895e-03
1.123452156743621089e+00 -2.703554559999999871e-03
1.124577855407047577e+00 -2.599708159999999414e-03
1.125703554070474288e+00 -2.485091839999999715e-03
1.126829283110571289e+00 -2.420866559999999747e-03
1.127954981773998000e+00 -2.209177599999999440e-03
1.129080680437424489e+00 -2.009925119999999600e-03
1.130206379100850977e+00 -1.820869120000000304e-03
1.131332077764277466e+00 -1.676559360000000071e-03
1.132457776427704177e+00 -1.572390400000000035e-03
1.133583505467801178e+00 -1.490460159999999886e-03
1.134709204131227889e+00 -1.438707200000000075e-03
1.135834902794654377e+00 -1.410805760000000001e-03
1.136960601458080866e+00 -1.385448959999999912e-03
1.138086300121506689e+00 -1.350666240000000058e-03
1.139211998784933177e+00 -1.307640319999999910e-03
1.140337727825030401e+00 -1.285544960000000077e-03
1.141463426488456889e+00 -1.271621119999999860e-03
1.142589125151883378e+00 -1.229562879999999969e-03
1.143714823815309867e+00 -1.221839360000000034e-03
1.144840522478736577e+00 -1.214492160000000187e-03
1.145966221142163066e+00 -1.201177600000000092e-03
1.147091950182260289e+00 -1.147507199999999936e-03
1.148217648845686778e+00 -1.198847999999999754e-03
1.149343347509113267e+00 -1.197091840000000067e-03
1.150469046172539755e+00 -1.168939520000000006e-03
1.151594744835966466e+00 -1.171699200000000073e-03
1.152720443499392955e+00 -1.174835200000000010e-03
1.153846142162819444e+00 -1.169943040000000168e-03
1.154971871202916667e+00 -1.157237759999999978e-03
1.156097569866343155e+00 -1.149084160000000097e-03
1.157223268529769644e+00 -1.152291840000000062e-03
1.158348967193196355e+00 -1.165104639999999751e-03
1.159474665856622844e+00 -1.177075199999999934e-03
1.160600364520048444e+00 -1.189332480000000010e-03
1.161726093560145667e+00 -1.204958720000000273e-03
1.162851792223572156e+00 -1.215925760000000078e-03
1.163977490886998867e+00 -1.203955199999999677e-03
1.165103189550425355e+00 -1.259793919999999947e-03
1.166228888213851844e+00 -1.315345919999999892e-03
1.167354586877278333e+00 -1.367045120000000280e-03
1.168480315917375556e+00 -1.449333759999999914e-03
1.169606014580802045e+00 -1.564165120000000127e-03
1.170731713244228755e+00 -1.567175679999999746e-03
1.171857411907655244e+00 -1.633640960000000072e-03
1.172983110571081733e+00 -1.726233599999999965e-03
1.174108809234508222e+00 -1.783416319999999930e-03
1.175234538274605445e+00 -1.841011200000000105e-03
1.176360236938032156e+00 -1.894824960000000315e-03
1.177485935601458644e+00 -1.953763840000000401e-03
1.178611634264885133e+00 -2.022970880000000190e-03
1.179737332928311622e+00 -2.048668159999999811e-03
1.180863031591738332e+00 -2.068684800000000160e-03
1.181988760631835333e+00 -2.055674879999999909e-03
1.183114459295262044e+00 -2.061857279999999588e-03
1.184240157958687645e+00 -2.085852160000000247e-03
1.185365856622114134e+00 -2.089704960000000021e-03
1.186491555285540622e+00 -2.110868479999999502e-03
1.187617253948967333e+00 -2.075279360000000482e-03
1.188742952612393822e+00 -2.062591999999999811e-03
1.189868681652491045e+00 -2.047413760000000096e-03
1.190994380315917534e+00 -2.018992639999999880e-03
1.192120078979344022e+00 -1.982722559999999627e-03
1.193245777642770511e+00 -1.964802560000000232e-03
1.194371476306197222e+00 -1.913210879999999994e-03
1.195497174969623710e+00 -1.819489280000000271e-03
1.196622904009720934e+00 -1.746196480000000457e-03
1.197748602673147422e+00 -1.667043839999999893e-03
1.198874301336573911e+00 -1.571852799999999724e-03
1.200000000000000622e+00 -1.478453760000000014e-03
1.201125698663427110e+00 -1.368711679999999988e-03
1.202251397326853599e+00 -1.323105279999999950e-03
1.203377126366950822e+00 -1.282247679999999916e-03
1.204502825030377311e+00 -1.241013760000000011e-03
1.205628523693803800e+00 -1.192020480000000049e-03
1.206754222357229622e+00 -1.140607999999999986e-03
1.207879921020656111e+00 -1.149729279999999907e-03
1.209005619684082600e+00 -1.100861440000000047e-03
1.210131348724179823e+00 -1.031851519999999953e-03
1.211257047387606312e+00 -1.062584319999999903e-03
1.212382746051033022e+00 -1.061312000000000019e-03
1.213508444714459511e+00 -1.035381759999999931e-03
1.214634143377886000e+00 -1.033320959999999965e-03
1.215759842041312488e+00 -1.017981440000000027e-03
1.216885571081409712e+00 -9.745971199999998525e-04
1.218011269744836200e+00 -9.288294400000000244e-04
1.219136968408262911e+00 -9.500108800000000003e-04
1.220262667071689400e+00 -9.304243200000000304e-04
1.221388365735115888e+00 -9.197260799999999476e-04
1.222514064398542377e+00 -9.548672000000001537e-04
1.223639763061969088e+00 -9.726976000000000025e-04
1.224765492102066089e+00 -9.861555199999999348e-04
1.225891190765492800e+00 -1.000133120000000009e-03
1.227016889428919288e+00 -9.928934400000000941e-04
1.228142588092345777e+00 -1.010652160000000133e-03
1.229268286755771378e+00 -1.029432319999999852e-03
1.230393985419198088e+00 -1.046133760000000088e-03
1.231519714459295312e+00 -1.065505279999999977e-03
1.232645413122721800e+00 -1.086184960000000088e-03
1.233771111786148289e+00 -1.105413119999999923e-03
1.234896810449574778e+00 -1.127508479999999973e-03
1.236022509113001489e+00 -1.188848639999999989e-03
1.237148207776427977e+00 -1.250314240000000325e-03
1.238273936816525200e+00 -1.311564800000000145e-03
1.239399635479951689e+00 -1.396165119999999730e-03
1.240525334143378178e+00 -1.479206399999999757e-03
1.241651032806804666e+00 -1.565491199999999869e-03
1.242776731470231377e+00 -1.639393279999999805e-03
1.243902430133657866e+00 -1.693672960000000083e-03
1.245028159173755089e+00 -1.711682560000000325e-03
1.246153857837181578e+00 -1.746859520000000002e-03
1.247279556500608066e+00 -1.761912320000000049e-03
1.248405255164034555e+00 -1.780280319999999993e-03
1.249530953827461266e+00 -1.857551360000000117e-03
1.250656652490887755e+00 -1.854146560000000023e-03
1.251782381530984978e+00 -1.808593920000000277e-03
1.252908080194410578e+00 -1.780441599999999782e-03
1.254033778857837067e+00 -1.771947519999999719e-03
1.255159477521263778e+00 -1.768471040000000032e-03
1.256285176184690267e+00 -1.734261759999999961e-03
1.257410874848116755e+00 -1.707399679999999954e-03
1.258536573511543244e+00 -1.690465280000000119e-03
1.259662302551640467e+00 -1.653890560000000239e-03
1.260788001215066956e+00 -1.602693119999999824e-03
1.261913699878493667e+00 -1.494796800000000115e-03
1.263039398541920155e+00 -1.386309120000000020e-03
1.264165097205346644e+00 -1.314342399999999947e-03
1.265290795868773133e+00 -1.214008319999999950e-03
1.266416524908870356e+00 -1.107008000000000037e-03
1.267542223572296844e+00 -9.975168000000002137e-04
1.268667922235723555e+00 -8.831155200000000540e-04
1.269793620899150044e+00 -7.825305599999998534e-04
1.270919319562576533e+00 -6.851891199999999562e-04
1.272045018226003021e+00 -5.892096000000000312e-04
1.273170747266100244e+00 -5.215616000000000176e-04
1.274296445929526733e+00 -5.210956799999999500e-04
1.275422144592952556e+00 -4.880511999999999936e-04
1.276547843256379045e+00 -4.769049599999999585e-04
1.277673541919805533e+00 -4.614041600000000137e-04
1.278799240583232244e+00 -4.442726399999999951e-04
1.279924969623329245e+00 -4.176614399999999203e-04
1.281050668286755956e+00 -4.193459200000000144e-04
1.282176366950182445e+00 -4.349363200000000472e-04
1.283302065613608933e+00 -3.937203199999999865e-04
1.284427764277035422e+00 -3.694387199999999241e-04
1.285553462940462133e+00 -4.043827200000000015e-04
1.286679191980559134e+00 -4.042931199999999677e-04
1.287804890643985845e+00 -3.542783999999999994e-04
1.288930589307412333e+00 -3.879679999999999284e-04
1.290056287970838822e+00 -3.974118400000000253e-04
1.291181986634265311e+00 -4.027161600000000227e-04
1.292307685297692021e+00 -4.087014400000000603e-04
1.293433383961118510e+00 -4.168012799999999750e-04
1.294559113001215733e+00 -4.223923200000000264e-04
1.295684811664642222e+00 -4.257971199999999569e-04
1.296810510328068711e+00 -4.184857600000000690e-04
1.297936208991494533e+00 -4.174822400000000153e-04
1.299061907654921022e+00 -4.173747199999999747e-04
1.300187606318347511e+00 -4.193100799999999466e-04
1.301313335358444734e+00 -4.387712000000000318e-04
1.302439034021871223e+00 -4.509568000000000799e-04
1.303564732685297711e+00 -4.633036800000000263e-04
1.304690431348724422e+00 -4.772991999999999990e-04
1.305816130012150911e+00 -4.988211200000001577e-04
1.306941828675577399e+00 -4.999500799999999877e-04
1.308067557715674623e+00 -4.892876800000000269e-04
1.309193256379101111e+00 -5.014553600000000140e-04
1.310318955042527600e+00 -5.017958399999998716e-04
1.311444653705954311e+00 -5.045555199999999380e-04
1.312570352369380799e+00 -5.163468800000000540e-04
1.313696051032807288e+00 -5.592652800000000530e-04
1.314821780072904511e+00 -5.381017600000000296e-04
1.315947478736331000e+00 -5.350732800000000244e-04
1.317073177399757711e+00 -5.374566400000000028e-04
1.318198876063184199e+00 -5.411481599999999875e-04
1.319324574726610688e+00 -5.439974400000000335e-04
1.320450273390036289e+00 -5.619353600000000313e-04
1.321576002430133512e+00 -5.548032000000000484e-04
1.322701701093560001e+00 -5.345177599999999772e-04
1.323827399756986711e+00 -5.376716799999999756e-04
1.324953098420413200e+00 -5.789593599999999550e-04
1.326078797083839689e+00 -5.294284800000000069e-04
1.327204495747266177e+00 -5.207372800000000315e-04
1.328330224787363401e+00 -5.263283199999999745e-04
1.329455923450789889e+00 -5.419008000000000548e-04
1.330581622114216600e+00 -5.457536000000000461e-04
1.331707320777643089e+00 -5.481548799999999772e-04
1.332833019441069577e+00 -5.398041600000000762e-04
1.333958718104496066e+00 -5.308979200000000197e-04
1.335084416767922777e+00 -5.294463999999999594e-04
1.336210145808020000e+00 -5.414707200000000008e-04
1.337335844471446489e+00 -5.247872000000000431e-04
1.338461543134872977e+00 -5.157196799999998714e-04
1.339587241798299466e+00 -5.095910400000000506e-04
1.340712940461726177e+00 -5.014553600000000140e-04
1.341838639125152666e+00 -4.949862400000001189e-04
1.342964368165249889e+00 -4.873344000000000482e-04
1.344090066828675489e+00 -4.787865600000000728e-04
1.345215765492101978e+00 -4.690560000000000302e-04
1.346341464155528467e+00 -4.332159999999999939e-04
1.347467162818955178e+00 -4.560281600000000435e-04
1.348592861482381666e+00 -5.000755199999998724e-04
1.349718590522478889e+00 -4.946636799999999971e-04
1.350844289185905378e+00 -4.348825600000000811e-04
1.351969987849331867e+00 -4.611891199999999867e-04
1.353095686512758355e+00 -4.611353600000000206e-04
1.354221385176185066e+00 -4.423372799999999690e-04
1.355347083839611555e+00 -4.528204800000000790e-04
1.356472812879708778e+00 -4.557056000000000301e-04
1.357598511543135267e+00 -4.510643200000000663e-04
1.358724210206561755e+00 -4.336998400000000140e-04
1.359849908869988466e+00 -4.230553599999999515e-04
1.360975607533414955e+00 -4.117478400000000724e-04
1.362101306196841444e+00 -4.038451200000000695e-04
1.363227035236938667e+00 -4.157977600000000297e-04
1.364352733900365156e+00 -4.179660800000000354e-04
1.365478432563791644e+00 -4.169267200000000223e-04
1.366604131227217467e+00 -4.134860800000000241e-04
1.367729829890643956e+00 -4.004403199999999764e-04
1.368855528554070444e+00 -3.970534400000000526e-04
1.369981227217496933e+00 -4.083251200000000266e-04
1.371106956257594156e+00 -4.199552000000001360e-04
1.372232654921020867e+00 -4.306175999999999884e-04
1.373358353584447356e+00 -4.404736000000000241e-04
1.374484052247873844e+00 -4.505625599999999852e-04
1.375609750911300333e+00 -4.604543999999999803e-04
1.376735449574727044e+00 -4.700595199999999755e-04
1.377861178614824045e+00 -4.794137600000000386e-04
1.378986877278250756e+00 -4.927103999999999642e-04
1.380112575941677244e+00 -5.022796799999998917e-04
1.381238274605103733e+00 -5.116159999999998938e-04
1.382363973268530222e+00 -5.202355199999999505e-04
1.383489671931956932e+00 -5.302527999999999929e-04
1.384615400972053934e+00 -5.413273599999999467e-04
1.385741099635480644e+00 -5.546956800000000078e-04
1.386866798298907133e+00 -5.721676800000000465e-04
1.387992496962333622e+00 -5.925247999999999279e-04
1.389118195625759222e+00 -5.779916799999999149e-04
1.390243894289185933e+00 -5.963238399999998447e-04
1.391369623329283156e+00 -5.851059199999999452e-04
1.392495321992709645e+00 -5.763251199999999902e-04
1.393621020656136134e+00 -5.683686400000000213e-04
1.394746719319562622e+00 -5.665049599999999680e-04
1.395872417982989333e+00 -5.571865600000000269e-04
1.396998116646415822e+00 -5.462374399999999578e-04
1.398123845686513045e+00 -5.360409599999999561e-04
1.399249544349939534e+00 -5.261849600000000288e-04
1.400375243013366022e+00 -5.162751999999999186e-04
1.401500941676792511e+00 -5.172070400000000536e-04
1.402626640340219222e+00 -4.969395200000000434e-04
1.403752339003645710e+00 -4.779980799999999919e-04
1.404878037667072199e+00 -4.585548800000000219e-04
1.406003766707169422e+00 -4.380364799999999711e-04
1.407129465370595911e+00 -4.214963199999999591e-04
1.408255164034022400e+00 -4.041318400000000152e-04
1.409380862697449110e+00 -3.835955199999999034e-04
1.410506561360875599e+00 -3.659084800000000004e-04
1.411632260024301200e+00 -3.491532800000000155e-04
1.412757989064398423e+00 -3.315737600000000446e-04
1.413883687727824912e+00 -3.137791999999999925e-04
1.415009386391251622e+00 -2.961279999999999945e-04
1.416135085054678111e+00 -2.637644800000000242e-04
1.417260783718104600e+00 -2.574924799999999325e-04
1.418386482381531088e+00 -2.507545599999999901e-04
1.419512211421628312e+00 -2.417049599999999878e-04
1.420637910085054800e+00 -2.295372800000000007e-04
1.421763608748481511e+00 -2.304153600000000070e-04
1.422889307411908000e+00 -2.326732800000000194e-04
1.424015006075334489e+00 -2.306662399999999662e-04
1.425140704738760977e+00 -2.264729600000000361e-04
1.426266433778858200e+00 -2.228172800000000108e-04
1.427392132442284689e+00 -1.960985600000000038e-04
1.428517831105711400e+00 -2.040729600000000066e-04
1.429643529769137889e+00 -2.091443200000000244e-04
1.430769228432564377e+00 -2.125849599999999956e-04
1.431894927095990866e+00 -2.098432000000000173e-04
1.433020656136088089e+00 -2.221004800000000111e-04
1.434146354799514578e+00 -2.325120000000000398e-04
1.435272053462940400e+00 -2.407731199999999612e-04
1.436397752126366889e+00 -2.486400000000000589e-04
1.437523450789793378e+00 -2.555392000000000080e-04
1.438649149453220089e+00 -2.621875200000000792e-04
1.439774848116646577e+00 -2.690150400000000013e-04
1.440900577156743800e+00 -2.754483199999999913e-04
1.442026275820170289e+00 -2.913791999999999901e-04
1.443151974483596778e+00 -2.941209599999999413e-04
1.444277673147023267e+00 -2.966297599999999672e-04
1.445403371810449977e+00 -2.987443200000000068e-04
1.446529070473876466e+00 -3.015040000000000190e-04
1.447654799513973689e+00 -3.040665600000000651e-04
1.448780498177400178e+00 -3.063782400000000165e-04
1.449906196840826667e+00 -3.093529600000000015e-04
1.451031895504253155e+00 -3.118080000000000070e-04
1.452157594167679866e+00 -3.141196800000000669e-04
1.453283292831106355e+00 -3.209830400000000025e-04
1.454409021871203578e+00 -3.619481600000000227e-04
1.455534720534630067e+00 -3.138329600000000128e-04
1.456660419198056555e+00 -3.091379200000000287e-04
1.457786117861482378e+00 -3.025433599999999778e-04
1.458911816524908867e+00 -2.981708799999999529e-04
1.460037515188335355e+00 -2.950527999999999680e-04
1.461163244228432578e+00 -2.946585599999999817e-04
1.462288942891859067e+00 -2.958771200000000082e-04
1.463414641555285556e+00 -2.988697599999999457e-04
1.464540340218712267e+00 -3.066649600000000164e-04
1.465666038882138755e+00 -3.313408000000000108e-04
1.466791737545565244e+00 -3.044428800000000446e-04
1.467917466585662467e+00 -2.977049599999999937e-04
1.469043165249088956e+00 -2.932070400000000299e-04
1.470168863912515445e+00 -2.899635199999999434e-04
1.471294562575942155e+00 -2.882252799999999917e-04
1.472420261239368644e+00 -2.862003199999999859e-04
1.473545959902795133e+00 -2.849817600000000136e-04
1.474671658566221621e+00 -2.831718399999999807e-04
1.475797387606318845e+00 -2.804121600000000227e-04
1.476923086269745555e+00 -2.794086400000000232e-04
1.478048784933172044e+00 -2.976870400000000412e-04
1.479174483596598533e+00 -3.050342399999999969e-04
1.480300182260024133e+00 -3.099980799999999741e-04
1.481425880923450844e+00 -3.126502399999999456e-04
1.482551609963547845e+00 -3.134387199999999723e-04
1.483677308626974556e+00 -3.143168000000000329e-04
1.484803007290401045e+00 -3.139942400000000195e-04
1.485928705953827533e+00 -3.120768000000000001e-04
1.487054404617254022e+00 -3.039769600000000313e-04
1.488180103280680733e+00 -2.977766400000000208e-04
1.489305832320777734e+00 -3.101235199999999672e-04
1.490431530984204445e+00 -3.144780799999999854e-04
1.491557229647630933e+00 -3.168793600000000248e-04
1.492682928311057422e+00 -3.159654400000000050e-04
1.493808626974483911e+00 -3.130803199999999996e-04
1.494934325637910622e+00 -3.002316800000000264e-04
1.496060054678007845e+00 -3.059123200000000032e-04
1.497185753341434333e+00 -3.101593600000000350e-04
1.498311452004860822e+00 -3.116287999999999936e-04
1.499437150668287311e+00 -3.116467199999999461e-04
1.500562849331714022e+00 -3.102668800000000214e-04
1.501688547995140510e+00 -3.070771200000000094e-04
1.502814277035237733e+00 -3.000703999999999655e-04
1.503939975698663334e+00 -3.013427199999999580e-04
1.505065674362089823e+00 -3.006080000000000058e-04
1.506191373025516311e+00 -2.998732799999999994e-04
1.507317071688943022e+00 -2.995327999999999793e-04
1.508442770352369511e+00 -2.991744000000000066e-04
1.509568469015796000e+00 -2.988876800000000067e-04
1.510694198055893223e+00 -2.989593599999999796e-04
1.511819896719319711e+00 -2.992460799999999794e-04
1.512945595382746422e+00 -3.006080000000000058e-04
1.514071294046172911e+00 -3.001241600000000400e-04
1.515196992709599400e+00 -2.927232000000000098e-04
1.516322691373025888e+00 -2.889779200000000049e-04
1.517448420413123111e+00 -2.860748799999999386e-04
1.518574119076549600e+00 -2.842112000000000479e-04
1.519699817739976311e+00 -2.827596799999999876e-04
1.520825516403402800e+00 -2.821683199999999812e-04
1.521951215066829288e+00 -2.823295999999999879e-04
1.523076913730255777e+00 -2.828492800000000215e-04
1.524202642770353000e+00 -2.848204800000000069e-04
1.525328341433779489e+00 -2.879027199999999783e-04
1.526454040097205311e+00 -2.928486400000000029e-04
1.527579738760631800e+00 -3.029017600000000047e-04
1.528705437424058289e+00 -3.294054399999999305e-04
1.529831136087484778e+00 -3.059660800000000777e-04
1.530956865127582001e+00 -3.006080000000000058e-04
1.532082563791008711e+00 -2.973107200000000617e-04
1.533208262454435200e+00 -2.951424000000000018e-04
1.534333961117861689e+00 -2.933145600000000163e-04
1.535459659781288178e+00 -2.918809600000000712e-04
1.536585358444714888e+00 -2.904831999999999770e-04
1.537711087484811889e+00 -2.894438400000000182e-04
1.538836786148238600e+00 -2.886374400000000389e-04
1.539962484811665089e+00 -2.878310400000000054e-04
1.541088183475091578e+00 -2.870604799999999855e-04
1.542213882138518066e+00 -2.875980800000000801e-04
1.543339580801944777e+00 -2.917376000000000170e-04
1.544465279465371266e+00 -2.868991999999999246e-04
1.545591008505468489e+00 -2.863257599999999249e-04
1.546716707168894978e+00 -2.839244799999999938e-04
1.547842405832321466e+00 -2.817561599999999881e-04
1.548968104495747289e+00 -2.796774400000000163e-04
1.550093803159173778e+00 -2.776524800000000105e-04
1.551219501822600266e+00 -2.756275200000000048e-04
1.552345230862697489e+00 -2.736563200000000193e-04
1.553470929526123978e+00 -2.716851199999999796e-04
1.554596628189550467e+00 -2.697497600000000077e-04
1.555722326852977178e+00 -2.678143999999999816e-04
1.556848025516403666e+00 -2.659507199999999825e-04
1.557973724179830155e+00 -2.639974400000000580e-04
1.559099453219927378e+00 -2.620620799999999776e-04
1.560225151883353867e+00 -2.600908799999999922e-04
1.561350850546780356e+00 -2.582630399999999524e-04
1.562476549210207066e+00 -2.564531199999999195e-04
1.563602247873633555e+00 -2.545536000000000153e-04
1.564727946537060044e+00 -2.526899200000000162e-04
1.565853675577157267e+00 -2.508262399999999629e-04
1.566979374240583756e+00 -2.489804800000000248e-04
1.568105072904010244e+00 -2.470271999999999377e-04
1.569230771567436955e+00 -2.460953599999999653e-04
1.570356470230863444e+00 -2.451993600000000606e-04
1.571482168894289044e+00 -2.443033599999999933e-04
1.572607897934386267e+00 -2.434073599999999802e-04
1.573733596597812756e+00 -2.425292800000000009e-04
1.574859295261239467e+00 -2.416511999999999946e-04
1.575984993924665956e+00 -2.407552000000000357e-04
1.577110692588092444e+00 -2.398771200000000023e-04
1.578236391251518933e+00 -2.390169600000000027e-04
1.579362089914945644e+00 -2.381388799999999964e-04
1.580487818955042645e+00 -2.372428799999999833e-04
1.581613517618469356e+00 -2.363827200000000108e-04
1.582739216281895844e+00 -2.355225600000000112e-04
1.583864914945322333e+00 -2.346086399999999642e-04
1.584990613608748822e+00 -2.337663999999999985e-04
1.586116312272175533e+00 -2.331033599999999650e-04
1.587242041312272534e+00 -2.321356800000000061e-04
1.588367739975699244e+00 -2.310963199999999931e-04
1.589493438639125733e+00 -2.299494399999999937e-04
1.590619137302552222e+00 -2.291430400000000144e-04
1.591744835965978710e+00 -2.284083200000000080e-04
1.592870534629405421e+00 -2.275660799999999610e-04
1.593996263669502644e+00 -2.265087999999999683e-04
1.595121962332928245e+00 -2.255590400000000162e-04
1.596247660996354734e+00 -2.244838399999999896e-04
1.597373359659781222e+00 -2.187315200000000128e-04
1.598499058323207933e+00 -2.182476799999999927e-04
1.599624756986634422e+00 -2.175488000000000270e-04
1.600750486026731645e+00 -2.165094399999999868e-04
1.601876184690158134e+00 -2.147712000000000080e-04
1.603001883353584622e+00 -2.120831999999999958e-04
1.604127582017011111e+00 -2.159897599999999803e-04
1.605253280680437822e+00 -2.174233600000000338e-04
1.606378979343864311e+00 -2.183014400000000401e-04
1.607504708383961534e+00 -2.188390400000000263e-04
1.608630407047388022e+00 -2.193228799999999922e-04
1.609756105710814511e+00 -2.197171200000000327e-04
1.610881804374241000e+00 -2.199500800000000122e-04
1.612007503037667711e+00 -2.202547200000000188e-04
1.613133201701094199e+00 -2.204159999999999984e-04
1.614258900364520688e+00 -2.205772800000000051e-04
1.615384629404617911e+00 -2.207564799999999915e-04
1.616510328068044400e+00 -2.207564799999999915e-04
1.617636026731470222e+00 -2.208819200000000389e-04
1.618761725394896711e+00 -2.208819200000000117e-04
1.619887424058323200e+00 -2.208639999999999779e-04
1.621013122721749689e+00 -2.209356800000000049e-04
1.622138851761846912e+00 -2.207743999999999711e-04
1.623264550425273400e+00 -2.207564799999999915e-04
1.624390249088700111e+00 -2.205056000000000052e-04
1.625515947752126600e+00 -2.203263999999999917e-04
1.626641646415553089e+00 -2.200038399999999783e-04
1.627767345078979577e+00 -2.195379200000000192e-04
1.628893074119076800e+00 -2.190003200000000059e-04
1.630018772782503289e+00 -2.182118400000000063e-04
1.631144471445930000e+00 -2.094848000000000174e-04
1.632270170109356489e+00 -2.056678399999999855e-04
1.633395868772782977e+00 -2.132479999999999749e-04
1.634521567436209466e+00 -2.183910400000000198e-04
1.635647296476306689e+00 -2.221004799999999840e-04
1.636772995139733400e+00 -2.252902400000000231e-04
1.637898693803159889e+00 -2.283008000000000216e-04
1.639024392466586377e+00 -2.309529599999999932e-04
1.640150091130012866e+00 -2.335334399999999919e-04
1.641275789793439577e+00 -2.358988799999999907e-04
1.642401518833536578e+00 -2.382643199999999895e-04
1.643527217496963289e+00 -2.404684800000000359e-04
1.644652916160389777e+00 -2.426188799999999535e-04
1.645778614823816266e+00 -2.446796800000000270e-04
1.646904313487242755e+00 -2.465791999999999854e-04
1.648030012150669465e+00 -2.484966400000000047e-04
1.649155710814095954e+00 -2.563993600000000618e-04
1.650281439854193177e+00 -2.579942400000000136e-04
1.651407138517617890e+00 -2.596787199999999992e-04
1.652532837181044378e+00 -2.612556799999999984e-04
1.653658535844471089e+00 -2.626892799999999977e-04
1.654784234507897578e+00 -2.634777600000000244e-04
1.655909933171324067e+00 -2.648217599999999898e-04
1.657035662211421290e+00 -2.661478400000000027e-04
1.658161360874847778e+00 -2.675097599999999749e-04
1.659287059538274267e+00 -2.689254400000000217e-04
1.660412758201700978e+00 -2.703948799999999803e-04
1.661538456865127467e+00 -2.718105600000000270e-04
1.662664155528553955e+00 -2.732979200000000466e-04
1.663789884568651178e+00 -2.861644799999999724e-04
1.664915583232077667e+00 -2.855014399999999931e-04
1.666041281895504156e+00 -2.839603199999999532e-04
1.667166980558930867e+00 -2.827238399999999741e-04
1.668292679222357355e+00 -2.810931200000000088e-04
1.669418377885783844e+00 -2.795161600000000096e-04
1.670544106925881067e+00 -2.782438400000000170e-04
1.671669805589307556e+00 -2.768639999999999838e-04
1.672795504252734267e+00 -2.752870399999999846e-04
1.673921202916160755e+00 -2.735308800000000261e-04
1.675046901579587244e+00 -2.720793600000000201e-04
1.676172600243013733e+00 -2.707532800000000072e-04
1.677298329283110956e+00 -2.696243200000000145e-04
1.678424027946537445e+00 -2.682982400000000016e-04
1.679549726609964155e+00 -2.670259199999999548e-04
1.680675425273390644e+00 -2.656639999999999826e-04
1.681801123936817133e+00 -2.645350399999999900e-04
1.682926822600243622e+00 -2.636569599999999836e-04
1.684052521263670332e+00 -2.639078400000000242e-04
1.685178250303767333e+00 -2.608793600000000189e-04
1.686303948967194044e+00 -2.589977600000000131e-04
1.687429647630620533e+00 -2.554137599999999606e-04
1.688555346294047022e+00 -2.521164799999999623e-04
1.689681044957473510e+00 -2.485503999999999708e-04
1.690806743620900221e+00 -2.454681599999999995e-04
1.691932472660997222e+00 -2.427980799999999940e-04
1.693058171324423933e+00 -2.403430400000000156e-04
1.694183869987850422e+00 -2.372428800000000104e-04
1.695309568651276910e+00 -2.339635199999999917e-04
1.696435267314701845e+00 -2.308633600000000135e-04
1.697560965978128333e+00 -2.281574399999999675e-04
1.698686695018225556e+00 -2.254335999999999959e-04
1.699812393681652045e+00 -2.227097599999999973e-04
1.700938092345078534e+00 -2.199142399999999987e-04
1.702063791008505023e+00 -2.172799999999999797e-04
1.703189489671931733e+00 -2.145561600000000352e-04
1.704315188335358222e+00 -2.117427200000000028e-04
1.705440917375455445e+00 -2.091084800000000108e-04
1.706566616038881934e+00 -2.066534400000000053e-04
1.707692314702308423e+00 -2.044134400000000538e-04
1.708818013365735133e+00 -2.055065600000000330e-04
1.709943712029161622e+00 -2.021196800000000008e-04
1.711069410692588111e+00 -1.987865600000000160e-04
1.712195139732685334e+00 -1.957939199999999972e-04
1.713320838396111823e+00 -1.928550400000000257e-04
1.714446537059538311e+00 -1.900953599999999865e-04
1.715572235722965022e+00 -1.873536000000000082e-04
1.716697934386391511e+00 -1.853286400000000024e-04
1.717823633049818000e+00 -1.873894399999999675e-04
1.718949331713244488e+00 -1.771750400000000403e-04
1.720075060753341711e+00 -1.723366400000000021e-04
1.721200759416768200e+00 -1.682687999999999838e-04
1.722326458080194911e+00 -1.645235200000000060e-04
1.723452156743621400e+00 -1.504563200000000062e-04
1.724577855407047888e+00 -1.485209600000000072e-04
1.725703554070474377e+00 -1.470694400000000011e-04
1.726829283110571600e+00 -1.459404800000000085e-04
1.727954981773998089e+00 -1.445964799999999888e-04
1.729080680437424800e+00 -1.433420800000000301e-04
1.730206379100851288e+00 -1.425177599999999899e-04
1.731332077764277777e+00 -1.421055999999999968e-04
1.732457776427704266e+00 -1.421414400000000104e-04
1.733583505467801489e+00 -1.427686400000000033e-04
1.734709204131227978e+00 -1.440409599999999959e-04
1.735834902794654688e+00 -1.487718399999999935e-04
1.736960601458081177e+00 -1.476428800000000009e-04
1.738086300121507666e+00 -1.337011199999999672e-04
1.739211998784934154e+00 -1.343104000000000075e-04
1.740337727825031378e+00 -1.355468799999999595e-04
1.741463426488458088e+00 -1.368371200000000130e-04
1.742589125151882801e+00 -1.382169599999999920e-04
1.743714823815309289e+00 -1.400985599999999707e-04
1.744840522478736000e+00 -1.417651200000000038e-04
1.745966221142162489e+00 -1.435571199999999758e-04
1.747091950182259712e+00 -1.455283199999999884e-04
1.748217648845686201e+00 -1.474278400000000010e-04
1.749343347509112689e+00 -1.493811199999999797e-04
1.750469046172539178e+00 -1.516928000000000124e-04
1.751594744835965889e+00 -1.543449600000000111e-04
1.752720443499392378e+00 -1.570329599999999962e-04
1.753846142162818866e+00 -1.591296000000000290e-04
1.754971871202916089e+00 -1.611007999999999874e-04
1.756097569866342578e+00 -1.709388800000000163e-04
1.757223268529769067e+00 -1.733222399999999948e-04
1.758348967193195778e+00 -1.745407999999999942e-04
1.759474665856622266e+00 -1.759027199999999935e-04
1.760600364520048755e+00 -1.769958400000000269e-04
1.761726093560145978e+00 -1.783040000000000059e-04
1.762851792223572467e+00 -1.793612800000000257e-04
1.763977490886998956e+00 -1.809203199999999639e-04
1.765103189550425666e+00 -1.817267199999999974e-04
1.766228888213852155e+00 -1.821747200000000040e-04
1.767354586877278644e+00 -1.824614400000000038e-04
1.768480315917375867e+00 -1.831961600000000102e-04
1.769606014580802356e+00 -1.841996800000000368e-04
1.770731713244228844e+00 -1.842175999999999623e-04
1.771857411907655555e+00 -1.835187199999999965e-04
1.772983110571082044e+00 -1.797196799999999984e-04
1.774108809234508533e+00 -1.828735999999999968e-04
1.775234538274605756e+00 -1.900953599999999593e-04
1.776360236938032244e+00 -1.902566400000000203e-04
1.777485935601458955e+00 -1.897728000000000002e-04
1.778611634264885444e+00 -1.892351999999999598e-04
1.779737332928311933e+00 -1.883929599999999670e-04
1.780863031591738421e+00 -1.872102400000000082e-04
1.781988760631835644e+00 -1.859916799999999817e-04
1.783114459295262133e+00 -1.848268800000000297e-04
1.784240157958688844e+00 -1.835904000000000236e-04
1.785365856622115333e+00 -1.823001599999999971e-04
1.786491555285541821e+00 -1.808486400000000182e-04
1.787617253948966756e+00 -1.793254400000000122e-04
1.788742952612393244e+00 -1.777843199999999723e-04
1.789868681652490467e+00 -1.761715199999999866e-04
1.790994380315916956e+00 -1.744332800000000078e-04
1.792120078979343445e+00 -1.725696000000000088e-04
1.793245777642769934e+00 -1.640217600000000062e-04
1.794371476306196644e+00 -1.625881600000000070e-04
1.795497174969623133e+00 -1.601331200000000014e-04
1.796622904009720356e+00 -1.591116800000000222e-04
1.797748602673146845e+00 -1.582335999999999888e-04
1.798874301336573334e+00 -1.577497599999999958e-04
1.799999999999999822e+00 -1.573913599999999960e-04
