2.022933339999999873e+02 -7.526400000000001538e-07
2.023303919999999891e+02 -5.486639339526864014e-07
2.023674499999999910e+02 -6.809623492480616739e-07
2.024045089999999902e+02 -1.005253994427359026e-07
2.024415669999999920e+02 -5.803292066694388720e-07
2.024786249999999939e+02 -6.672858329678966176e-07
2.025156829999999957e+02 -1.162121063857897281e-07
2.025527409999999975e+02 -2.856825725070618351e-06
2.025897989999999993e+02 -4.879082466398090381e-06
2.026268579999999986e+02 -3.610332823044895955e-07
2.026639160000000004e+02 -1.792000000005474115e-07
2.027009740000000022e+02 -3.838570616188439425e-07
2.027380320000000040e+02 -1.608608276498369353e-07
2.027750900000000058e+02 -7.555254388989827067e-07
2.028121480000000076e+02 -3.878728790289348634e-07
2.028492070000000069e+02 -2.008779772843635219e-07
2.028862650000000087e+02 -4.097141911785363770e-07
2.029233230000000106e+02 5.992095765659897718e-08
2.029603810000000124e+02 -3.087631878468292228e-07
2.029974390000000142e+02 -9.720028046479367700e-07
2.030344969999999876e+02 -5.374404879327168348e-08
2.030715549999999894e+02 -1.967369370523276267e-06
2.031086139999999887e+02 -1.305102621903779799e-06
2.031456719999999905e+02 -5.054410232502571119e-08
2.031827299999999923e+02 -1.555145610126615553e-06
2.032197879999999941e+02 -1.407900168627401196e-06
2.032568459999999959e+02 1.986921242875275738e-07
2.032939039999999977e+02 -3.822660923171939925e-07
2.033309629999999970e+02 -2.738195748117039336e-06
2.033680209999999988e+02 -4.065320321670649542e-06
2.034050790000000006e+02 -1.075199999980328711e-07
2.034421370000000024e+02 -1.088072371564624327e-07
2.034791950000000043e+02 -9.910576226808114777e-08
2.035162530000000061e+02 6.469906732348566182e-08
2.035533120000000054e+02 -4.383109904005952889e-07
2.035903700000000072e+02 -2.771626957204236607e-07
2.036274280000000090e+02 -1.123924755394638962e-07
2.036644860000000108e+02 -3.959991399649651849e-07
2.037015440000000126e+02 -4.245448065313729692e-07
2.037386019999999860e+02 -7.426828307762378005e-07
2.037756610000000137e+02 -1.791999999957119386e-08
2.038127189999999871e+02 -5.918293306876425533e-08
2.038497769999999889e+02 -6.850000301078431851e-07
2.038868349999999907e+02 -2.000716768589709327e-07
2.039238929999999925e+02 -1.477586280609415791e-07
2.039609509999999943e+02 -4.986580445509559074e-07
2.039980099999999936e+02 -1.079227180058103811e-06
2.040350679999999954e+02 -1.046127918556842718e-06
2.040721259999999972e+02 5.097759911821861778e-08
2.041091839999999991e+02 -2.170909822150214072e-08
2.041462420000000009e+02 -2.234843491771268051e-19
2.041833000000000027e+02 -7.850873748091720049e-07
2.042203580000000045e+02 -1.775743356589257888e-06
2.042574170000000038e+02 -1.379114655749615652e-06
2.042944750000000056e+02 -2.188394947992095461e-06
2.043315330000000074e+02 -9.527035569954020802e-07
2.043685910000000092e+02 -2.199243867792063517e-06
2.044056490000000110e+02 -3.759135379211364627e-06
2.044427070000000128e+02 3.489741336401342887e-07
2.044797660000000121e+02 -5.492107264755434795e-07
2.045168240000000139e+02 -7.347199999995230714e-07
2.045538819999999873e+02 -1.165945575130837232e-08
2.045909399999999891e+02 -6.242430681040511637e-07
2.046279979999999910e+02 -9.609177105004707494e-07
2.046650559999999928e+02 -2.611804918030533500e-07
2.047021149999999921e+02 -4.080272027016098803e-08
2.047391729999999939e+02 -2.929707477505236201e-07
2.047762309999999957e+02 -4.614738076304574305e-07
2.048132889999999975e+02 -4.191022663543223010e-07
2.048503469999999993e+02 -1.200036468512191496e-07
2.048874050000000011e+02 -1.039359841035204241e-06
2.049244640000000004e+02 -8.304058185279136611e-08
2.049615220000000022e+02 -1.572870838125557491e-07
2.049985800000000040e+02 -1.120339205984072542e-07
2.050356380000000058e+02 5.296800510398608563e-09
2.050726960000000076e+02 4.494268905060686120e-09
2.051097540000000095e+02 -8.577122391746767667e-08
2.051468130000000087e+02 -2.919420158474491674e-07
2.051838710000000106e+02 -1.171576889100463776e-07
2.052209290000000124e+02 -1.515872136511847663e-07
2.052579870000000142e+02 -9.856000000000183546e-07
2.052950449999999876e+02 -1.342311879219878947e-07
2.053321029999999894e+02 9.511240420306597944e-08
2.053691609999999912e+02 -4.783739717004683681e-07
2.054062199999999905e+02 -9.095674641728664777e-07
2.054432779999999923e+02 -4.109516755600840177e-07
2.054803359999999941e+02 8.795235244612596549e-08
2.055173939999999959e+02 -1.002070852929172372e-07
2.055544519999999977e+02 8.935253860293221096e-08
2.055915099999999995e+02 -7.459053671971611219e-07
2.056285689999999988e+02 -3.351040000000000445e-06
2.056656270000000006e+02 -3.443886897009466417e-07
2.057026850000000024e+02 -2.319025398153950954e-06
2.057397430000000043e+02 -5.444699802393869540e-07
2.057768010000000061e+02 -1.154048959169905197e-06
2.058138590000000079e+02 4.093740339377128907e-06
2.058509180000000072e+02 -1.881784826556767102e-05
2.058879760000000090e+02 5.756177308903170881e-05
2.059250340000000108e+02 3.680045992911655300e-04
2.059620920000000126e+02 7.025159124778336539e-04
2.059991499999999860e+02 9.350297600000001975e-04
2.060362079999999878e+02 1.085549526431884735e-03
2.060732669999999871e+02 1.167340499950105404e-03
2.061103249999999889e+02 1.245347216399453208e-03
2.061473829999999907e+02 1.257215752137882470e-03
2.061844409999999925e+02 1.228494643695645728e-03
2.062214989999999943e+02 1.213842508351509458e-03
2.062585569999999962e+02 1.198201798409811005e-03
2.062956159999999954e+02 1.189326776509230929e-03
2.063326739999999972e+02 1.152421209205741750e-03
2.063697319999999991e+02 1.016727040000000096e-03
2.064067900000000009e+02 9.756565650190093201e-04
2.064438480000000027e+02 9.282191795502031401e-04
2.064809060000000045e+02 8.825492950522692342e-04
2.065179650000000038e+02 8.445584755038897627e-04
2.065550230000000056e+02 8.157491940795348314e-04
2.065920810000000074e+02 7.211123438026447634e-04
2.066291390000000092e+02 6.124224106244068174e-04
2.066661970000000110e+02 5.987612726548226108e-04
2.067032550000000128e+02 5.739098511032229974e-04
2.067403129999999862e+02 5.568464620664704276e-04
2.067773720000000139e+02 5.412128094785252337e-04
2.068144299999999873e+02 5.166560170326875380e-04
2.068514879999999891e+02 4.839419227215399568e-04
2.068885459999999910e+02 4.675891397995967833e-04
2.069256039999999928e+02 3.908928655921618009e-04
2.069626619999999946e+02 3.318629440353330212e-04
2.069997209999999939e+02 3.572620745876417363e-04
2.070367789999999957e+02 3.685441994813451255e-04
2.070738369999999975e+02 3.848527567320465803e-04
2.071108949999999993e+02 4.129305600000000853e-04
2.071479530000000011e+02 4.208279278961037854e-04
2.071850110000000029e+02 4.219711993074751351e-04
2.072220700000000022e+02 4.256083176313206679e-04
2.072591280000000040e+02 4.214246662441078930e-04
2.072961860000000058e+02 4.458424852591505211e-04
2.073332440000000076e+02 4.852856898930082400e-04
2.073703020000000095e+02 5.089446357433197480e-04
2.074073600000000113e+02 5.376629468287953293e-04
2.074444190000000106e+02 5.687595782127316622e-04
2.074814770000000124e+02 6.040115200000357619e-04
2.075185350000000142e+02 6.522592441790771084e-04
2.075555929999999876e+02 6.622487609278454113e-04
2.075926509999999894e+02 6.707562597509177148e-04
2.076297089999999912e+02 6.882184655479037108e-04
2.076667679999999905e+02 6.924517367369568835e-04
2.077038259999999923e+02 7.410022476786577933e-04
2.077408839999999941e+02 8.037865972280138068e-04
2.077779419999999959e+02 8.072371648381440395e-04
2.078149999999999977e+02 8.270812822840548735e-04
2.078520579999999995e+02 8.368458280869607796e-04
2.078891160000000013e+02 8.465143608806336784e-04
2.079261750000000006e+02 8.517671693544569093e-04
2.079632330000000024e+02 8.907837826819995329e-04
2.080002910000000043e+02 8.958168086658350494e-04
2.080373490000000061e+02 8.913740987200634899e-04
2.080744070000000079e+02 9.058831901256318318e-04
2.081114650000000097e+02 9.183324615944546106e-04
2.081485240000000090e+02 9.264355724724666506e-04
2.081855820000000108e+02 9.455675034467236765e-04
2.082226400000000126e+02 1.017282560000034187e-03
2.082596979999999860e+02 1.021233073227063382e-03
2.082967559999999878e+02 1.016934815357419105e-03
2.083338139999999896e+02 1.008179327000556730e-03
2.083708729999999889e+02 1.006095451870052697e-03
2.084079309999999907e+02 1.003185153177195291e-03
2.084449889999999925e+02 9.959765181181939441e-04
2.084820469999999943e+02 9.872918186746234854e-04
2.085191049999999962e+02 9.811922306811708683e-04
2.085561629999999980e+02 9.935197504597113004e-04
2.085932219999999973e+02 9.986636800000002132e-04
2.086302799999999991e+02 1.002128526304992776e-03
2.086673380000000009e+02 1.000070221675870841e-03
2.087043960000000027e+02 1.069096733402622769e-03
2.087414540000000045e+02 1.081539049569642729e-03
2.087785120000000063e+02 1.050586441138209783e-03
2.088155710000000056e+02 1.033905853086750874e-03
2.088526290000000074e+02 1.017335837792011401e-03
2.088896870000000092e+02 1.008703157094854386e-03
2.089267450000000110e+02 9.961495075336724171e-04
2.089638030000000128e+02 9.883596799999949667e-04
2.090008609999999862e+02 9.820884873303573764e-04
2.090379189999999880e+02 9.810730008407249000e-04
2.090749779999999873e+02 1.003990532073054413e-03
2.091120359999999891e+02 1.009649308496624563e-03
2.091490939999999910e+02 1.004352335460684210e-03
2.091861519999999928e+02 1.007508005491081172e-03
2.092232099999999946e+02 1.003948796229561400e-03
2.092602679999999964e+02 1.015175681191167380e-03
2.092973269999999957e+02 1.046914325304215991e-03
2.093343849999999975e+02 1.021081600000000060e-03
2.093714429999999993e+02 1.007500829571590173e-03
2.094085010000000011e+02 1.000732692253649640e-03
2.094455590000000029e+02 9.951827184548332240e-04
2.094826170000000047e+02 9.946769024964585357e-04
2.095196760000000040e+02 9.945539438427687152e-04
2.095567340000000058e+02 9.983522814138324347e-04
2.095937920000000076e+02 1.002627248181566302e-03
2.096308500000000095e+02 1.004908110568730273e-03
2.096679080000000113e+02 1.012222380562024073e-03
2.097049660000000131e+02 1.004756517291090700e-03
2.097420250000000124e+02 1.011893340595384399e-03
2.097790830000000142e+02 1.014121125451489464e-03
2.098161409999999876e+02 1.017034072763288444e-03
2.098531989999999894e+02 1.009882364297961512e-03
2.098902569999999912e+02 1.007034238429515682e-03
2.099273149999999930e+02 1.018484646920632354e-03
2.099643739999999923e+02 1.031022907197591066e-03
2.100014319999999941e+02 1.043079358135884805e-03
2.100384899999999959e+02 1.057629725413129339e-03
2.100755479999999977e+02 1.070397440000000035e-03
2.101126059999999995e+02 1.087332575532365354e-03
2.101496640000000014e+02 1.100438426431072985e-03
2.101867220000000032e+02 1.112261873104156921e-03
2.102237810000000025e+02 1.124052607999252024e-03
2.102608390000000043e+02 1.134400595823151919e-03
2.102978970000000061e+02 1.144873829491756560e-03
2.103349550000000079e+02 1.152549624377232100e-03
2.103720130000000097e+02 1.154819241089137657e-03
2.104090710000000115e+02 1.163724001390173879e-03
2.104461300000000108e+02 1.171197439999986222e-03
2.104831880000000126e+02 1.138420324540200066e-03
2.105202459999999860e+02 1.152232699508194420e-03
2.105573039999999878e+02 1.186692518494274467e-03
2.105943619999999896e+02 1.218015502932727825e-03
2.106314199999999914e+02 1.240886465463462117e-03
2.106684789999999907e+02 1.262264568606581228e-03
2.107055369999999925e+02 1.284227025877295297e-03
2.107425949999999943e+02 1.300779382381986272e-03
2.107796529999999962e+02 1.320516217511850639e-03
2.108167109999999980e+02 1.335416320000000316e-03
2.108537689999999998e+02 1.345658883687055182e-03
2.108908279999999991e+02 1.357432856360765066e-03
2.109278860000000009e+02 1.368214297459177707e-03
2.109649440000000027e+02 1.374587858228749817e-03
2.110020020000000045e+02 1.384108778049388151e-03
2.110390600000000063e+02 1.372879390462035127e-03
2.110761180000000081e+02 1.350270381237086374e-03
2.111131770000000074e+02 1.382211724367136529e-03
2.111502350000000092e+02 1.447983840989415603e-03
2.111872930000000110e+02 1.464028160000007198e-03
2.112243510000000128e+02 1.479520869513200384e-03
2.112614089999999862e+02 1.495483121479678238e-03
2.112984669999999880e+02 1.508735597467433147e-03
2.113355249999999899e+02 1.522436569625567259e-03
2.113725839999999891e+02 1.531832510811464423e-03
2.114096419999999910e+02 1.541432922228118006e-03
2.114466999999999928e+02 1.552303797440319610e-03
2.114837579999999946e+02 1.558955692019970297e-03
2.115208159999999964e+02 1.566566282505211420e-03
2.115578739999999982e+02 1.570365300550641448e-03
2.115949329999999975e+02 1.577700920359803799e-03
2.116319909999999993e+02 1.584394893136984979e-03
2.116690490000000011e+02 1.591280914961120362e-03
2.117061070000000029e+02 1.599843979664001062e-03
2.117431650000000047e+02 1.608126328917601142e-03
2.117802230000000066e+02 1.615448215884757351e-03
2.118172820000000058e+02 1.713313120602416454e-03
2.118543400000000076e+02 1.843410331020804921e-03
2.118913980000000095e+02 1.805031500769392226e-03
2.119284560000000113e+02 1.795512319999997830e-03
2.119655140000000131e+02 1.785094778161942525e-03
2.120025719999999865e+02 1.782815237600280040e-03
2.120396310000000142e+02 1.781245369612324998e-03
2.120766889999999876e+02 1.780675601549995806e-03
2.121137469999999894e+02 1.782565366748317540e-03
2.121508049999999912e+02 1.780685198270466618e-03
2.121878629999999930e+02 1.780899672151954171e-03
2.122249209999999948e+02 1.787748618022880947e-03
2.122619799999999941e+02 1.790727700590062296e-03
2.122990379999999959e+02 1.794777599999999992e-03
2.123360959999999977e+02 1.797306605991501370e-03
2.123731539999999995e+02 1.805877376244133508e-03
2.124102120000000014e+02 1.813369862154115466e-03
2.124472700000000032e+02 1.824765107026496717e-03
2.124843280000000050e+02 1.834812713893665221e-03
2.125213870000000043e+02 1.854213373605162821e-03
2.125584450000000061e+02 1.873582616149992728e-03
2.125955030000000079e+02 1.871587978161856278e-03
2.126325610000000097e+02 1.873431710961119458e-03
2.126696190000000115e+02 1.876241863831247698e-03
2.127066770000000133e+02 1.878024224028144616e-03
2.127437360000000126e+02 1.881989739567512844e-03
2.127807939999999860e+02 1.888837463422237848e-03
2.128178519999999878e+02 1.896474265916525117e-03
2.128549099999999896e+02 1.903267946777284980e-03
2.128919679999999914e+02 1.909958468507761461e-03
2.129290259999999932e+02 1.918170632098164250e-03
2.129660849999999925e+02 1.926327575699007160e-03
2.130031429999999943e+02 1.932601889133336772e-03
2.130402009999999962e+02 1.939947520000000333e-03
2.130772589999999980e+02 1.946700676312691823e-03
2.131143169999999998e+02 1.957360070160346719e-03
2.131513750000000016e+02 1.958427316232410047e-03
2.131884340000000009e+02 1.987465672412332303e-03
2.132254920000000027e+02 1.892681352191824540e-03
2.132625500000000045e+02 1.817115576055875099e-03
2.132996080000000063e+02 1.877545535361550659e-03
2.133366660000000081e+02 1.896892037051366815e-03
2.133737240000000099e+02 1.910387253033545875e-03
2.134107830000000092e+02 1.898014720000010085e-03
2.134478410000000110e+02 1.939149340202283049e-03
2.134848990000000128e+02 1.965263037505526975e-03
2.135219569999999862e+02 1.984436345561552042e-03
2.135590149999999880e+02 1.997280979687633684e-03
2.135960729999999899e+02 2.012467297264799136e-03
2.136331309999999917e+02 2.031827859558740963e-03
2.136701899999999910e+02 2.042977350706705938e-03
2.137072479999999928e+02 2.052307298342256458e-03
2.137443059999999946e+02 2.065610175136714868e-03
2.137813639999999964e+02 2.073720320000000273e-03
2.138184219999999982e+02 2.080521929095063578e-03
2.138554800000000000e+02 2.088144077056688398e-03
2.138925389999999993e+02 2.093921405569657175e-03
2.139295970000000011e+02 2.094813378283333100e-03
2.139666550000000029e+02 2.109512658600826672e-03
2.140037130000000047e+02 2.137519500248770844e-03
2.140407710000000066e+02 2.154019814287480399e-03
2.140778290000000084e+02 2.156102572031329441e-03
2.141148880000000077e+02 2.156739219566533323e-03
2.141519460000000095e+02 2.154270719999999088e-03
2.141890040000000113e+02 2.132526162131144053e-03
2.142260620000000131e+02 2.037539669568284167e-03
2.142631199999999865e+02 2.077074402521913738e-03
2.143001779999999883e+02 2.126629141394394996e-03
2.143372369999999876e+02 2.132428245220352285e-03
2.143742949999999894e+02 2.140453549189123925e-03
2.144113529999999912e+02 2.144344072849321912e-03
2.144484109999999930e+02 2.151045179138512918e-03
2.144854689999999948e+02 2.153881375567404718e-03
2.145225269999999966e+02 2.157191695633376566e-03
2.145595859999999959e+02 2.154183790805598575e-03
2.145966439999999977e+02 2.157764618329877700e-03
2.146337019999999995e+02 2.157161255355950682e-03
2.146707600000000014e+02 2.161830490972205168e-03
2.147078180000000032e+02 2.141067919081354395e-03
2.147448760000000050e+02 2.212582511976670090e-03
2.147819340000000068e+02 2.319985524254320614e-03
2.148189930000000061e+02 2.294750277426115415e-03
2.148560510000000079e+02 2.284636794323754820e-03
2.148931090000000097e+02 2.265840639999990806e-03
2.149301670000000115e+02 2.262431360740582448e-03
2.149672250000000133e+02 2.251619262637412962e-03
2.150042829999999867e+02 2.246335030040467421e-03
2.150413419999999860e+02 2.247357631169506591e-03
2.150783999999999878e+02 2.257920402731105908e-03
2.151154579999999896e+02 2.265143474441275173e-03
2.151525159999999914e+02 2.262315348931737656e-03
2.151895739999999932e+02 2.264010330257700421e-03
2.152266319999999951e+02 2.264617226708190434e-03
2.152636909999999943e+02 2.264442880000000144e-03
2.153007489999999962e+02 2.272077964467196596e-03
2.153378069999999980e+02 2.276761225182315478e-03
2.153748649999999998e+02 2.277347765464622989e-03
2.154119230000000016e+02 2.293463255025009716e-03
2.154489810000000034e+02 2.267482473347825263e-03
2.154860400000000027e+02 2.393661650288571741e-03
2.155230980000000045e+02 2.551423036806679812e-03
2.155601560000000063e+02 2.450870040735881640e-03
2.155972140000000081e+02 2.408782322367173257e-03
2.156342720000000099e+02 2.403179519999978052e-03
2.156713300000000118e+02 2.357195976586622631e-03
2.157083890000000110e+02 2.351128945973524412e-03
2.157454470000000128e+02 2.328687584621432719e-03
2.157825049999999862e+02 2.323695766099340837e-03
2.158195629999999881e+02 2.319657421838115796e-03
2.158566209999999899e+02 2.323195504867882431e-03
2.158936789999999917e+02 2.343776985013312775e-03
2.159307369999999935e+02 2.349009152973893962e-03
2.159677959999999928e+02 2.363306122483252187e-03
2.160048539999999946e+02 2.357608960000000687e-03
2.160419119999999964e+02 2.356242643119672246e-03
2.160789699999999982e+02 2.364178288196154207e-03
2.161160280000000000e+02 2.379958773345460746e-03
2.161530860000000018e+02 2.415519926603422983e-03
2.161901450000000011e+02 2.404289911940431148e-03
2.162272030000000029e+02 2.479169406307246779e-03
2.162642610000000047e+02 2.270163804462831374e-03
2.163013190000000066e+02 1.778228767257536772e-03
2.163383770000000084e+02 1.913977728584383012e-03
2.163754350000000102e+02 2.022370787449328730e-03
2.164124940000000095e+02 2.143605901552680416e-03
2.164495520000000113e+02 2.254043141753884951e-03
2.164866100000000131e+02 2.391151339948278942e-03
2.165236679999999865e+02 2.517366707325497267e-03
2.165607259999999883e+02 2.646697836917218626e-03
2.165977839999999901e+02 2.771288972668246083e-03
2.166348429999999894e+02 2.885239624524604720e-03
2.166719009999999912e+02 2.992389120000000201e-03
2.167089589999999930e+02 2.992389120000000201e-03
2.167460169999999948e+02 3.032028160000000208e-03
2.167830749999999966e+02 3.071362560000000588e-03
2.168201329999999984e+02 3.147773440000000388e-03
2.168571919999999977e+02 3.146662399999999860e-03
2.168942499999999995e+02 3.132810239999999236e-03
2.169313080000000014e+02 3.125749760000000148e-03
2.169683660000000032e+02 3.138168319999999796e-03
2.170054240000000050e+02 3.118725120000000531e-03
2.170424820000000068e+02 3.103923199999999820e-03
2.170795400000000086e+02 3.093888000000000367e-03
2.171165990000000079e+02 3.078369279999999819e-03
2.171536570000000097e+02 3.043264000000000385e-03
2.171907150000000115e+02 2.995919359999999962e-03
2.172277730000000133e+02 2.953753600000000139e-03
2.172648309999999867e+02 2.883238399999999910e-03
2.173018889999999885e+02 2.810590720000000122e-03
2.173389479999999878e+02 2.739304960000000198e-03
2.173760059999999896e+02 2.677570560000000575e-03
2.174130639999999914e+02 2.601697279999999352e-03
2.174501219999999932e+02 2.529085440000000337e-03
2.174871799999999951e+02 2.457459200000000014e-03
2.175242379999999969e+02 2.359813120000000056e-03
2.175612969999999962e+02 2.300784640000000207e-03
2.175983549999999980e+02 2.245662719999999557e-03
2.176354129999999998e+02 2.183444479999999480e-03
2.176724710000000016e+02 2.133125119999999993e-03
2.177095290000000034e+02 2.082967040000000512e-03
2.177465870000000052e+02 2.001735680000000031e-03
2.177836460000000045e+02 2.006663679999999995e-03
2.178207040000000063e+02 1.982919679999999973e-03
2.178577620000000081e+02 1.932707839999999984e-03
2.178948200000000099e+02 1.919375359999999937e-03
2.179318780000000118e+02 1.914465280000000359e-03
2.179689360000000136e+02 1.910433280000000192e-03
2.180059950000000129e+02 1.906186239999999943e-03
2.180430529999999862e+02 1.906490879999999787e-03
2.180801109999999881e+02 1.901688319999999925e-03
2.181171689999999899e+02 1.878804479999999794e-03
2.181542269999999917e+02 1.887316480000000027e-03
2.181912849999999935e+02 1.900523519999999756e-03
2.182283429999999953e+02 1.914178559999999817e-03
2.182654019999999946e+02 1.927708159999999993e-03
2.183024599999999964e+02 1.940610560000000312e-03
2.183395179999999982e+02 1.953011199999999791e-03
2.183765760000000000e+02 1.958458880000000114e-03
2.184136340000000018e+02 1.983206400000000081e-03
2.184506920000000036e+02 2.047897599999999683e-03
2.184877510000000029e+02 2.058129919999999481e-03
2.185248090000000047e+02 2.039690240000000161e-03
2.185618670000000066e+02 2.067914240000000032e-03
2.185989250000000084e+02 2.080744959999999456e-03
2.186359830000000102e+02 2.090708479999999533e-03
2.186730410000000120e+02 2.100582399999999846e-03
2.187101000000000113e+02 2.114631679999999948e-03
2.187471580000000131e+02 2.127462399999999806e-03
2.187842159999999865e+02 2.114309120000000368e-03
2.188212739999999883e+02 2.122444800000000079e-03
2.188583319999999901e+02 2.132910080000000562e-03
2.188953899999999919e+02 2.149002240000000025e-03
2.189324489999999912e+02 2.158069759999999872e-03
2.189695069999999930e+02 2.165506560000000566e-03
2.190065649999999948e+02 2.175111679999999856e-03
2.190436229999999966e+02 2.184770559999999872e-03
2.190806809999999984e+02 2.188103679999999721e-03
2.191177390000000003e+02 2.199303679999999993e-03
2.191547979999999995e+02 2.201310719999999884e-03
2.191918560000000014e+02 2.212259840000000387e-03
2.192289140000000032e+02 2.224857599999999994e-03
2.192659720000000050e+02 2.257436159999999612e-03
2.193030300000000068e+02 2.284907520000000174e-03
2.193400880000000086e+02 2.311285760000000161e-03
2.193771460000000104e+02 2.335441920000000393e-03
2.194142050000000097e+02 2.356497919999999725e-03
2.194512630000000115e+02 2.385850880000000077e-03
2.194883210000000133e+02 2.420275200000000012e-03
2.195253789999999867e+02 2.464268800000000634e-03
2.195624369999999885e+02 2.507455999999999921e-03
2.195994949999999903e+02 2.550231039999999866e-03
2.196365539999999896e+02 2.594654720000000216e-03
2.196736119999999914e+02 2.639365119999999808e-03
2.197106699999999933e+02 2.697175040000000280e-03
2.197477279999999951e+02 2.728785919999999424e-03
2.197847859999999969e+02 2.767170560000000151e-03
2.198218439999999987e+02 2.802257920000000065e-03
2.198589029999999980e+02 2.815267839999999883e-03
2.198959609999999998e+02 2.835571199999999906e-03
2.199330190000000016e+02 2.881571839999999985e-03
2.199700770000000034e+02 2.891678720000000116e-03
2.200071350000000052e+02 2.899742720000000450e-03
2.200441930000000070e+02 2.908684800000000195e-03
2.200812520000000063e+02 2.916641279999999947e-03
2.201183100000000081e+02 2.924113920000000113e-03
2.201553680000000099e+02 2.929059840000000463e-03
2.201924260000000118e+02 2.891571199999999967e-03
2.202294840000000136e+02 2.961566719999999837e-03
2.202665419999999870e+02 2.976296960000000304e-03
2.203036009999999862e+02 2.988643840000000142e-03
2.203406589999999881e+02 3.000184319999999946e-03
2.203777169999999899e+02 3.010344960000000368e-03
2.204147749999999917e+02 3.004090880000000446e-03
2.204518329999999935e+02 3.012835839999999845e-03
2.204888909999999953e+02 3.021294080000000437e-03
2.205259489999999971e+02 3.029125120000000088e-03
2.205630079999999964e+02 3.037565439999999860e-03
2.206000659999999982e+02 3.046167039999999639e-03
2.206371240000000000e+02 3.055360000000000020e-03
2.206741820000000018e+02 3.067438080000000136e-03
2.207112400000000036e+02 3.085644800000000507e-03
2.207482980000000055e+02 3.070018560000000243e-03
2.207853570000000047e+02 3.069552640000000610e-03
2.208224150000000066e+02 3.073029119999999646e-03
2.208594730000000084e+02 3.101253119999999516e-03
2.208965310000000102e+02 3.110894080000000013e-03
2.209335890000000120e+02 3.127810559999999896e-03
2.209706470000000138e+02 3.149207040000000062e-03
2.210077060000000131e+02 3.143293440000000105e-03
2.210447639999999865e+02 3.150210560000000007e-03
2.210818219999999883e+02 3.197967359999999773e-03
2.211188799999999901e+02 3.191336959999999980e-03
2.211559379999999919e+02 3.184133120000000403e-03
2.211929959999999937e+02 3.178416639999999925e-03
2.212300549999999930e+02 3.180853760000000412e-03
2.212671129999999948e+02 3.181893119999999395e-03
2.213041709999999966e+02 3.179223039999999525e-03
2.213412289999999985e+02 3.175854080000000204e-03
2.213782870000000003e+02 3.171571199999999400e-03
2.214153450000000021e+02 3.166499839999999816e-03
2.214524040000000014e+02 3.146411519999999656e-03
2.214894620000000032e+02 3.120248319999999534e-03
2.215265200000000050e+02 3.100339200000000201e-03
2.215635780000000068e+02 3.075376639999999936e-03
2.216006360000000086e+02 3.048209919999999868e-03
2.216376940000000104e+02 3.018874879999999469e-03
2.216747520000000122e+02 2.972945920000000068e-03
2.217118110000000115e+02 2.904168960000000008e-03
2.217488690000000133e+02 2.829352959999999889e-03
2.217859269999999867e+02 2.772851199999999856e-03
2.218229849999999885e+02 2.704396800000000243e-03
2.218600429999999903e+02 2.636014080000000440e-03
2.218971009999999922e+02 2.551790080000000075e-03
2.219341599999999914e+02 2.483783680000000143e-03
2.219712179999999933e+02 2.411315199999999881e-03
2.220082759999999951e+02 2.329402879999999901e-03
2.220453339999999969e+02 2.310551039999999504e-03
2.220823919999999987e+02 2.285373439999999808e-03
2.221194500000000005e+02 2.220144639999999895e-03
2.221565089999999998e+02 2.220359679999999759e-03
2.221935670000000016e+02 2.223316480000000171e-03
2.222306250000000034e+02 2.226918400000000176e-03
2.222676830000000052e+02 2.229391360000000134e-03
2.223047410000000070e+02 2.231057920000000059e-03
2.223417990000000088e+02 2.234641920000000111e-03
2.223788580000000081e+02 2.236756480000000151e-03
2.224159160000000099e+02 2.266826240000000339e-03
2.224529740000000118e+02 2.298150399999999809e-03
2.224900320000000136e+02 2.333309439999999967e-03
2.225270899999999870e+02 2.359902719999999818e-03
2.225641479999999888e+02 2.382786559999999949e-03
2.226012069999999881e+02 2.440040960000000158e-03
2.226382649999999899e+02 2.500431359999999437e-03
2.226753229999999917e+02 2.562577920000000571e-03
2.227123809999999935e+02 2.628021759999999915e-03
2.227494389999999953e+02 2.716725760000000128e-03
2.227864969999999971e+02 2.802168319999999435e-03
2.228235549999999989e+02 2.898757120000000024e-03
2.228606139999999982e+02 2.997191680000000063e-03
2.228976720000000000e+02 3.093511680000000062e-03
2.229347300000000018e+02 3.211156479999999983e-03
2.229717880000000036e+02 3.301527040000000121e-03
2.230088460000000055e+02 3.387507200000000173e-03
2.230459040000000073e+02 3.493665280000000147e-03
2.230829630000000066e+02 3.551797759999999766e-03
2.231200210000000084e+02 3.605898240000000084e-03
2.231570790000000102e+02 3.653905920000000054e-03
2.231941370000000120e+02 3.747681279999999417e-03
2.232311950000000138e+02 3.812533759999999893e-03
2.232682529999999872e+02 3.916881920000000322e-03
2.233053119999999865e+02 3.927956479999999626e-03
2.233423699999999883e+02 3.935411200000000706e-03
2.233794279999999901e+02 3.937687040000000319e-03
2.234164859999999919e+02 3.921630720000000327e-03
2.234535439999999937e+02 3.966807039999999986e-03
2.234906019999999955e+02 3.980945920000000283e-03
2.235276609999999948e+02 3.990031360000000082e-03
2.235647189999999966e+02 3.954352640000000432e-03
2.236017769999999985e+02 3.926935040000000161e-03
2.236388350000000003e+02 3.899212799999999830e-03
2.236758930000000021e+02 3.863229440000000119e-03
2.237129510000000039e+02 3.840560639999999852e-03
2.237500100000000032e+02 3.782231039999999888e-03
2.237870680000000050e+02 3.702271999999999508e-03
2.238241260000000068e+02 3.615700480000000154e-03
2.238611840000000086e+02 3.536404480000000187e-03
2.238982420000000104e+02 3.454492160000000207e-03
2.239353000000000122e+02 3.369210880000000040e-03
2.239723580000000140e+02 3.281850879999999738e-03
2.240094170000000133e+02 3.228807680000000090e-03
2.240464749999999867e+02 3.176284159999999933e-03
2.240835329999999885e+02 3.118080000000000504e-03
2.241205909999999903e+02 3.086863360000000750e-03
2.241576489999999922e+02 3.061237760000000072e-03
2.241947069999999940e+02 3.015255039999999512e-03
2.242317659999999933e+02 2.982210559999999393e-03
2.242688239999999951e+02 2.956871680000000557e-03
2.243058819999999969e+02 2.934382080000000250e-03
2.243429399999999987e+02 2.914024960000000369e-03
2.243799980000000005e+02 2.898775039999999976e-03
2.244170560000000023e+02 2.870085120000000038e-03
2.244541150000000016e+02 2.870909440000000024e-03
2.244911730000000034e+02 2.850749440000000055e-03
2.245282310000000052e+02 2.846233599999999867e-03
2.245652890000000070e+02 2.858132479999999590e-03
2.246023470000000088e+02 2.844782079999999373e-03
2.246394050000000107e+02 2.838850559999999898e-03
2.246764640000000099e+02 2.831431680000000024e-03
2.247135220000000118e+02 2.843509760000000573e-03
2.247505800000000136e+02 2.849889279999999730e-03
2.247876379999999870e+02 2.859333119999999447e-03
2.248246959999999888e+02 2.867558399999999355e-03
2.248617539999999906e+02 2.878507520000000292e-03
2.248988129999999899e+02 2.886087680000000173e-03
2.249358709999999917e+02 2.890961920000000279e-03
2.249729289999999935e+02 2.900800000000000253e-03
2.250099869999999953e+02 2.933772799999999695e-03
2.250470449999999971e+02 2.936030719999999355e-03
2.250841029999999989e+02 2.929991680000000598e-03
2.251211610000000007e+02 2.917107200000000015e-03
2.251582200000000000e+02 2.917608959999999987e-03
2.251952780000000018e+02 2.926694399999999786e-03
2.252323360000000037e+02 2.940098559999999861e-03
2.252693940000000055e+02 2.945868800000000197e-03
2.253064520000000073e+02 2.951191039999999551e-03
2.253435100000000091e+02 2.922357759999999558e-03
2.253805690000000084e+02 2.932751360000000231e-03
2.254176270000000102e+02 2.940062719999999956e-03
2.254546850000000120e+02 2.941281280000000633e-03
2.254917430000000138e+02 2.956029440000000619e-03
2.255288009999999872e+02 2.980741119999999814e-03
2.255658589999999890e+02 2.997137919999999772e-03
2.256029179999999883e+02 3.009377279999999894e-03
2.256399759999999901e+02 3.019071999999999815e-03
2.256770339999999919e+02 3.025379840000000028e-03
2.257140919999999937e+02 3.020039679999999421e-03
2.257511499999999955e+02 3.040271360000000068e-03
2.257882079999999974e+02 3.070251520000000494e-03
2.258252669999999966e+02 3.095214079999999458e-03
2.258623249999999985e+02 3.071129600000000338e-03
2.258993830000000003e+02 3.116789760000000017e-03
2.259364410000000021e+02 3.135516160000000312e-03
2.259734990000000039e+02 3.150013440000000095e-03
2.260105570000000057e+02 3.155066880000000160e-03
2.260476160000000050e+02 3.173793279999999589e-03
2.260846740000000068e+02 3.206228480000000020e-03
2.261217320000000086e+02 3.246620160000000636e-03
2.261587900000000104e+02 3.264199680000000499e-03
2.261958480000000122e+02 3.294466559999999732e-03
2.262329060000000140e+02 3.326113280000000082e-03
2.262699650000000133e+02 3.388349440000000112e-03
2.263070229999999867e+02 3.412039679999999842e-03
2.263440809999999885e+02 3.434403840000000048e-03
2.263811389999999903e+02 3.457000960000000504e-03
2.264181969999999922e+02 3.476981760000000515e-03
2.264552549999999940e+02 3.497392639999999820e-03
2.264923129999999958e+02 3.566420480000000517e-03
2.265293719999999951e+02 3.559306239999999837e-03
2.265664299999999969e+02 3.551905279999999915e-03
2.266034879999999987e+02 3.545597440000000135e-03
2.266405460000000005e+02 3.539647999999999840e-03
2.266776040000000023e+02 3.535060479999999842e-03
2.267146620000000041e+02 3.531548159999999600e-03
2.267517210000000034e+02 3.532014080000000101e-03
2.267887790000000052e+02 3.523914239999999861e-03
2.268258370000000070e+02 3.517695999999999844e-03
2.268628950000000088e+02 3.490439680000000447e-03
2.268999530000000107e+02 3.451392000000000175e-03
2.269370110000000125e+02 3.413562880000000146e-03
2.269740700000000118e+02 3.375895039999999691e-03
2.270111280000000136e+02 3.340072959999999987e-03
2.270481859999999870e+02 3.304448000000000194e-03
2.270852439999999888e+02 3.220815359999999999e-03
2.271223019999999906e+02 3.216926719999999885e-03
2.271593599999999924e+02 3.215457279999999873e-03
2.271964189999999917e+02 3.198021120000000064e-03
2.272334769999999935e+02 3.185423360000000023e-03
2.272705349999999953e+02 3.173578240000000158e-03
2.273075929999999971e+02 3.191265280000000169e-03
2.273446509999999989e+02 3.183738880000000146e-03
2.273817090000000007e+02 3.177054720000000061e-03
2.274187680000000000e+02 3.170854399999999997e-03
2.274558260000000018e+02 3.161679360000000001e-03
2.274928840000000037e+02 3.149726719999999987e-03
2.275299420000000055e+02 3.134709759999999845e-03
2.275670000000000073e+02 3.130301439999999807e-03
2.276040580000000091e+02 3.125355519999999891e-03
2.276411160000000109e+02 3.104407039999999840e-03
2.276781750000000102e+02 3.059517439999999856e-03
2.277152330000000120e+02 3.015075839999999986e-03
2.277522910000000138e+02 2.975795199999999897e-03
2.277893489999999872e+02 2.897789439999999984e-03
2.278264069999999890e+02 2.821056000000000171e-03
2.278634649999999908e+02 2.747153920000000235e-03
2.279005239999999901e+02 2.657052159999999819e-03
2.279375819999999919e+02 2.567237119999999945e-03
2.279746399999999937e+02 2.478497280000000261e-03
2.280116979999999955e+02 2.370744320000000172e-03
2.280487559999999974e+02 2.275212799999999820e-03
2.280858139999999992e+02 2.143877120000000150e-03
2.281228729999999985e+02 2.006932480000000150e-03
2.281599310000000003e+02 1.863321600000000236e-03
2.281969890000000021e+02 1.725140480000000257e-03
2.282340470000000039e+02 1.566620159999999916e-03
2.282711050000000057e+02 1.429603839999999890e-03
2.283081630000000075e+02 1.319252479999999958e-03
2.283452220000000068e+02 1.148654079999999935e-03
2.283822800000000086e+02 1.023554560000000018e-03
2.284193380000000104e+02 8.983295999999999989e-04
2.284563960000000122e+02 7.669939199999998951e-04
2.284934540000000140e+02 6.838451200000000450e-04
2.285305119999999874e+02 5.993344000000000059e-04
2.285675709999999867e+02 5.262745600000000084e-04
2.286046289999999885e+02 4.006912000000000711e-04
2.286416869999999903e+02 3.043712000000000175e-04
2.286787449999999922e+02 1.950412800000000111e-04
2.287158029999999940e+02 1.224294400000000202e-04
2.287528609999999958e+02 4.877824000000000276e-05
2.287899189999999976e+02 -2.707711999999999326e-05
2.288269779999999969e+02 -1.061043200000000080e-04
2.288640359999999987e+02 -1.467110400000000013e-04
2.289010940000000005e+02 -1.943065600000000318e-04
2.289381520000000023e+02 -2.518118399999999557e-04
2.289752100000000041e+02 -2.978662400000000004e-04
2.290122680000000059e+02 -3.445299200000000043e-04
2.290493270000000052e+02 -3.938995199999999999e-04
2.290863850000000070e+02 -4.342553600000000069e-04
2.291234430000000089e+02 -4.758297599999999862e-04
2.291605010000000107e+02 -5.256294399999999816e-04
2.291975590000000125e+02 -5.627059200000000512e-04
2.292346169999999859e+02 -5.656627200000001379e-04
2.292716760000000136e+02 -5.673113599999998931e-04
2.293087339999999870e+02 -5.764684800000000444e-04
2.293457919999999888e+02 -5.923635199999999212e-04
2.293828499999999906e+02 -5.884211199999999503e-04
2.294199079999999924e+02 -6.556032000000001133e-04
2.294569659999999942e+02 -7.542528000000001251e-04
2.294940249999999935e+02 -8.225100799999999351e-04
2.295310829999999953e+02 -8.898534399999999964e-04
2.295681409999999971e+02 -9.367321600000000272e-04
2.296051989999999989e+02 -9.827328000000001059e-04
2.296422570000000007e+02 -1.035650560000000086e-03
2.296793150000000026e+02 -1.060415999999999789e-03
2.297163740000000018e+02 -1.067404799999999935e-03
2.297534320000000037e+02 -1.115824640000000114e-03
2.297904900000000055e+02 -1.178490880000000090e-03
2.298275480000000073e+02 -1.235100159999999838e-03
2.298646060000000091e+02 -1.282462719999999780e-03
2.299016640000000109e+02 -1.320560639999999964e-03
2.299387220000000127e+02 -1.356991999999999790e-03
2.299757810000000120e+02 -1.409838080000000177e-03
2.300128390000000138e+02 -1.406289920000000030e-03
2.300498969999999872e+02 -1.393889279999999684e-03
2.300869549999999890e+02 -1.385574400000000013e-03
2.301240129999999908e+02 -1.369589760000000048e-03
2.301610709999999926e+02 -1.339448320000000050e-03
2.301981299999999919e+02 -1.327854079999999954e-03
2.302351879999999937e+02 -1.326330880000000084e-03
2.302722459999999955e+02 -1.297694719999999786e-03
2.303093039999999974e+02 -1.277140480000000210e-03
2.303463619999999992e+02 -1.263109120000000061e-03
2.303834200000000010e+02 -1.255959039999999909e-03
2.304204790000000003e+02 -1.240207360000000194e-03
2.304575370000000021e+02 -1.224742399999999938e-03
2.304945950000000039e+02 -1.212538879999999937e-03
2.305316530000000057e+02 -1.195461119999999830e-03
2.305687110000000075e+02 -1.179046399999999920e-03
2.306057690000000093e+02 -1.163635199999999955e-03
2.306428280000000086e+02 -1.144120320000000012e-03
2.306798860000000104e+02 -1.123261439999999724e-03
2.307169440000000122e+02 -1.106040319999999997e-03
2.307540020000000140e+02 -1.094714880000000057e-03
2.307910599999999874e+02 -1.086077439999999939e-03
2.308281179999999893e+02 -1.061329919999999972e-03
2.308651769999999885e+02 -1.056330239999999764e-03
2.309022349999999904e+02 -1.052136960000000024e-03
2.309392929999999922e+02 -1.049448959999999768e-03
2.309763509999999940e+02 -1.042854400000000096e-03
2.310134089999999958e+02 -1.029217279999999988e-03
2.310504669999999976e+02 -1.035937279999999978e-03
2.310875249999999994e+02 -1.054699520000000178e-03
2.311245839999999987e+02 -1.061186559999999918e-03
2.311616420000000005e+02 -1.070504959999999967e-03
2.311987000000000023e+02 -1.084321280000000035e-03
2.312357580000000041e+02 -1.095951360000000036e-03
2.312728160000000059e+02 -1.111756800000000042e-03
2.313098740000000078e+02 -1.135680000000000240e-03
2.313469330000000070e+02 -1.168473599999999939e-03
2.313839910000000089e+02 -1.191124479999999819e-03
2.314210490000000107e+02 -1.229204480000000051e-03
2.314581070000000125e+02 -1.268359680000000038e-03
2.314951649999999859e+02 -1.297354240000000037e-03
2.315322229999999877e+02 -1.320560640000000181e-03
2.315692819999999870e+02 -1.356794880000000095e-03
2.316063399999999888e+02 -1.393996800000000050e-03
2.316433979999999906e+02 -1.423242240000000035e-03
2.316804559999999924e+02 -1.474260479999999840e-03
2.317175139999999942e+02 -1.525601279999999876e-03
2.317545719999999960e+02 -1.575580160000000047e-03
2.317916309999999953e+02 -1.641704959999999757e-03
2.318286889999999971e+02 -1.699138559999999708e-03
2.318657469999999989e+02 -1.747773439999999968e-03
2.319028050000000007e+02 -1.794777600000000209e-03
2.319398630000000026e+02 -1.818611199999999560e-03
2.319769210000000044e+02 -1.834434559999999952e-03
2.320139800000000037e+02 -1.868823039999999982e-03
2.320510380000000055e+02 -1.847605759999999993e-03
2.320880960000000073e+02 -1.844971520000000028e-03
2.321251540000000091e+02 -1.856529920000000002e-03
2.321622120000000109e+02 -1.881510400000000003e-03
2.321992700000000127e+02 -1.888266239999999898e-03
2.322363279999999861e+02 -1.889592320000000073e-03
2.322733870000000138e+02 -1.897674239999999927e-03
2.323104449999999872e+02 -1.868572159999999996e-03
2.323475029999999890e+02 -1.825725440000000024e-03
2.323845609999999908e+02 -1.774528000000000043e-03
2.324216189999999926e+02 -1.711270399999999898e-03
2.324586769999999945e+02 -1.661560320000000316e-03
2.324957359999999937e+02 -1.616079359999999729e-03
2.325327939999999955e+02 -1.555993600000000077e-03
2.325698519999999974e+02 -1.495943680000000114e-03
2.326069099999999992e+02 -1.451591680000000224e-03
2.326439680000000010e+02 -1.443205120000000093e-03
2.326810260000000028e+02 -1.328373759999999879e-03
2.327180850000000021e+02 -1.249669120000000081e-03
2.327551430000000039e+02 -1.169996800000000026e-03
2.327922010000000057e+02 -1.087080960000000101e-03
2.328292590000000075e+02 -1.004487679999999973e-03
2.328663170000000093e+02 -9.199411199999999204e-04
2.329033750000000111e+02 -8.579916799999998903e-04
2.329404340000000104e+02 -8.152524799999999591e-04
2.329774920000000122e+02 -7.400780800000001389e-04
2.330145500000000141e+02 -7.219430399999999040e-04
2.330516079999999874e+02 -7.034854400000000894e-04
2.330886659999999893e+02 -6.844723200000000108e-04
2.331257239999999911e+02 -6.668390399999999654e-04
2.331627829999999904e+02 -6.498329599999999942e-04
2.331998409999999922e+02 -6.309452800000000172e-04
2.332368989999999940e+02 -6.075596800000000221e-04
2.332739569999999958e+02 -6.139750399999998427e-04
2.333110149999999976e+02 -6.198169599999999889e-04
2.333480729999999994e+02 -6.258560000000001552e-04
2.333851310000000012e+02 -6.327014400000000299e-04
2.334221900000000005e+02 -6.387404799999999794e-04
2.334592480000000023e+02 -6.541158400000001479e-04
2.334963060000000041e+02 -6.914969599999999531e-04
2.335333640000000059e+02 -7.240038399999999775e-04
2.335704220000000078e+02 -7.414758400000000162e-04
2.336074800000000096e+02 -7.909708799999999509e-04
2.336445390000000089e+02 -8.429388799999999521e-04
2.336815970000000107e+02 -8.969676800000000267e-04
2.337186550000000125e+02 -9.571071999999999696e-04
2.337557129999999859e+02 -1.046563840000000033e-03
2.337927709999999877e+02 -1.101918720000000067e-03
2.338298289999999895e+02 -1.159907840000000282e-03
2.338668879999999888e+02 -1.206213120000000204e-03
2.339039459999999906e+02 -1.254650879999999902e-03
2.339410039999999924e+02 -1.314306560000000259e-03
2.339780619999999942e+02 -1.363729919999999733e-03
2.340151199999999960e+02 -1.432936959999999739e-03
2.340521779999999978e+02 -1.450122239999999995e-03
2.340892369999999971e+02 -1.477055999999999812e-03
2.341262949999999989e+02 -1.510566399999999998e-03
2.341633530000000007e+02 -1.547463679999999892e-03
2.342004110000000026e+02 -1.581780479999999678e-03
2.342374690000000044e+02 -1.614000639999999811e-03
2.342745270000000062e+02 -1.648299520000000079e-03
2.343115860000000055e+02 -1.681523199999999723e-03
2.343486440000000073e+02 -1.701091840000000174e-03
2.343857020000000091e+02 -1.722506240000000076e-03
2.344227600000000109e+02 -1.740462080000000026e-03
2.344598180000000127e+02 -1.738580480000000020e-03
2.344968759999999861e+02 -1.739333119999999979e-03
2.345339339999999879e+02 -1.736071679999999940e-03
2.345709929999999872e+02 -1.732057599999999725e-03
2.346080509999999890e+02 -1.731018239999999875e-03
2.346451089999999908e+02 -1.738455039999999919e-03
2.346821669999999926e+02 -1.748741119999999791e-03
2.347192249999999945e+02 -1.744422399999999949e-03
2.347562829999999963e+02 -1.739655679999999992e-03
2.347933419999999956e+02 -1.718832639999999827e-03
2.348303999999999974e+02 -1.706539520000000063e-03
2.348674579999999992e+02 -1.696504319999999960e-03
2.349045160000000010e+02 -1.685841919999999999e-03
2.349415740000000028e+02 -1.676577279999999807e-03
2.349786320000000046e+02 -1.665574400000000097e-03
2.350156910000000039e+02 -1.637099519999999806e-03
2.350527490000000057e+02 -1.671093760000000013e-03
2.350898070000000075e+02 -1.683619840000000027e-03
2.351268650000000093e+02 -1.686236159999999606e-03
2.351639230000000111e+02 -1.682885120000000021e-03
2.352009810000000130e+02 -1.674319359999999930e-03
2.352380400000000122e+02 -1.653352959999999927e-03
2.352750980000000141e+02 -1.644769279999999884e-03
2.353121559999999874e+02 -1.651686400000000002e-03
2.353492139999999893e+02 -1.647869440000000133e-03
2.353862719999999911e+02 -1.633605119999999951e-03
2.354233299999999929e+02 -1.640092159999999907e-03
2.354603889999999922e+02 -1.640432640000000306e-03
2.354974469999999940e+02 -1.631418880000000318e-03
2.355345049999999958e+02 -1.643514879999999952e-03
2.355715629999999976e+02 -1.648675839999999950e-03
2.356086209999999994e+02 -1.647654399999999835e-03
2.356456790000000012e+02 -1.641059839999999947e-03
2.356827370000000030e+02 -1.641274880000000245e-03
2.357197960000000023e+02 -1.639160319999999772e-03
2.357568540000000041e+02 -1.622799359999999719e-03
2.357939120000000059e+02 -1.635773440000000065e-03
2.358309700000000078e+02 -1.646238720000000114e-03
2.358680280000000096e+02 -1.657976320000000047e-03
2.359050860000000114e+02 -1.671111680000000183e-03
2.359421450000000107e+02 -1.685358079999999762e-03
2.359792030000000125e+02 -1.690931199999999969e-03
2.360162609999999859e+02 -1.702794240000000221e-03
2.360533189999999877e+02 -1.714460160000000127e-03
2.360903769999999895e+02 -1.733061120000000104e-03
2.361274349999999913e+02 -1.754332159999999951e-03
2.361644939999999906e+02 -1.779258880000000095e-03
2.362015519999999924e+02 -1.806730240000000006e-03
2.362386099999999942e+02 -1.862551040000000107e-03
2.362756679999999960e+02 -1.876869119999999931e-03
2.363127259999999978e+02 -1.903534080000000243e-03
2.363497839999999997e+02 -1.947814400000000105e-03
2.363868429999999989e+02 -1.972490239999999829e-03
2.364239010000000007e+02 -1.980464639999999533e-03
2.364609590000000026e+02 -1.997040639999999451e-03
2.364980170000000044e+02 -2.029153279999999868e-03
2.365350750000000062e+02 -2.019494400000000286e-03
2.365721330000000080e+02 -2.019548160000000144e-03
2.366091920000000073e+02 -2.025121280000000135e-03
2.366462500000000091e+02 -2.040281599999999463e-03
2.366833080000000109e+02 -2.044564479999999400e-03
2.367203660000000127e+02 -2.069544960000000051e-03
2.367574239999999861e+02 -2.031733759999999975e-03
2.367944819999999879e+02 -1.995517440000000448e-03
2.368315399999999897e+02 -1.959390719999999815e-03
2.368685989999999890e+02 -1.916078079999999993e-03
2.369056569999999908e+02 -1.896097279999999982e-03
2.369427149999999926e+02 -1.863930880000000141e-03
2.369797729999999945e+02 -1.839219200000000295e-03
2.370168309999999963e+02 -1.782609919999999680e-03
2.370538889999999981e+02 -1.729047040000000106e-03
2.370909479999999974e+02 -1.677365760000000105e-03
2.371280059999999992e+02 -1.625756159999999914e-03
2.371650640000000010e+02 -1.573985279999999933e-03
2.372021220000000028e+02 -1.528683519999999955e-03
2.372391800000000046e+02 -1.450391039999999934e-03
2.372762380000000064e+02 -1.351078400000000268e-03
2.373132970000000057e+02 -1.261370879999999675e-03
2.373503550000000075e+02 -1.156288000000000107e-03
2.373874130000000093e+02 -1.052817919999999956e-03
2.374244710000000111e+02 -9.500646400000000748e-04
2.374615290000000130e+02 -8.508236799999998939e-04
2.374985869999999863e+02 -7.795558400000002480e-04
2.375356460000000141e+02 -7.134489600000000573e-04
2.375727039999999874e+02 -6.335436799999998600e-04
2.376097619999999893e+02 -6.108390399999999052e-04
2.376468199999999911e+02 -5.874355200000000660e-04
2.376838779999999929e+02 -5.167769599999999996e-04
2.377209359999999947e+02 -5.225113599999998883e-04
2.377579949999999940e+02 -5.351449599999999430e-04
2.377950529999999958e+02 -5.427251200000000409e-04
2.378321109999999976e+02 -5.505024000000000505e-04
2.378691689999999994e+02 -5.561651200000000206e-04
2.379062270000000012e+02 -5.716300799999999519e-04
2.379432850000000030e+02 -6.072371200000000087e-04
2.379803430000000048e+02 -6.830387199999999031e-04
2.380174020000000041e+02 -7.606143999999998712e-04
2.380544600000000059e+02 -8.170444799999999853e-04
2.380915180000000078e+02 -9.311232000000001317e-04
2.381285760000000096e+02 -1.038159359999999950e-03
2.381656340000000114e+02 -1.115466239999999979e-03
2.382026920000000132e+02 -1.252267520000000141e-03
2.382397510000000125e+02 -1.386775040000000087e-03
2.382768089999999859e+02 -1.519454720000000319e-03
2.383138669999999877e+02 -1.663137280000000044e-03
2.383509249999999895e+02 -1.830079999999999771e-03
2.383879829999999913e+02 -1.994495999999999682e-03
2.384250409999999931e+02 -2.172208640000000170e-03
2.384620999999999924e+02 -2.316912640000000443e-03
2.384991579999999942e+02 -2.461957120000000249e-03
2.385362159999999960e+02 -2.613184000000000166e-03
2.385732739999999978e+02 -2.709736959999999983e-03
2.386103319999999997e+02 -2.797150720000000142e-03
2.386473900000000015e+02 -2.884456959999999719e-03
2.386844490000000008e+02 -2.968609279999999840e-03
2.387215070000000026e+02 -3.027566080000000312e-03
2.387585650000000044e+02 -3.085680639999999544e-03
2.387956230000000062e+02 -3.141859839999999564e-03
2.388326810000000080e+02 -3.162521599999999940e-03
2.388697390000000098e+02 -3.155317759999999930e-03
2.389067980000000091e+02 -3.206694400000000087e-03
2.389438560000000109e+02 -3.176893440000000488e-03
2.389809140000000127e+02 -3.146608640000000002e-03
2.390179719999999861e+02 -3.119298559999999880e-03
2.390550299999999879e+02 -3.096360959999999891e-03
2.390920879999999897e+02 -3.069463039999999979e-03
2.391291459999999915e+02 -3.028605440000000162e-03
2.391662049999999908e+02 -2.969756159999999839e-03
2.392032629999999926e+02 -2.887467519999999989e-03
2.392403209999999945e+02 -2.790036479999999895e-03
2.392773789999999963e+02 -2.703554559999999871e-03
2.393144369999999981e+02 -2.599708159999999414e-03
2.393514949999999999e+02 -2.485091839999999715e-03
2.393885539999999992e+02 -2.420866559999999747e-03
2.394256120000000010e+02 -2.209177599999999440e-03
2.394626700000000028e+02 -2.009925119999999600e-03
2.394997280000000046e+02 -1.820869120000000304e-03
2.395367860000000064e+02 -1.676559360000000071e-03
2.395738440000000082e+02 -1.572390400000000035e-03
2.396109030000000075e+02 -1.490460159999999886e-03
2.396479610000000093e+02 -1.438707200000000075e-03
2.396850190000000111e+02 -1.410805760000000001e-03
2.397220770000000130e+02 -1.385448959999999912e-03
2.397591349999999863e+02 -1.350666240000000058e-03
2.397961929999999882e+02 -1.307640319999999910e-03
2.398332519999999874e+02 -1.285544960000000077e-03
2.398703099999999893e+02 -1.271621119999999860e-03
2.399073679999999911e+02 -1.229562879999999969e-03
2.399444259999999929e+02 -1.221839360000000034e-03
2.399814839999999947e+02 -1.214492160000000187e-03
2.400185419999999965e+02 -1.201177600000000092e-03
2.400556009999999958e+02 -1.147507199999999936e-03
2.400926589999999976e+02 -1.198847999999999754e-03
2.401297169999999994e+02 -1.197091840000000067e-03
2.401667750000000012e+02 -1.168939520000000006e-03
2.402038330000000030e+02 -1.171699200000000073e-03
2.402408910000000049e+02 -1.174835200000000010e-03
2.402779490000000067e+02 -1.169943040000000168e-03
2.403150080000000059e+02 -1.157237759999999978e-03
2.403520660000000078e+02 -1.149084160000000097e-03
2.403891240000000096e+02 -1.152291840000000062e-03
2.404261820000000114e+02 -1.165104639999999751e-03
2.404632400000000132e+02 -1.177075199999999934e-03
2.405002979999999866e+02 -1.189332480000000010e-03
2.405373569999999859e+02 -1.204958720000000273e-03
2.405744149999999877e+02 -1.215925760000000078e-03
2.406114729999999895e+02 -1.203955199999999677e-03
2.406485309999999913e+02 -1.259793919999999947e-03
2.406855889999999931e+02 -1.315345919999999892e-03
2.407226469999999949e+02 -1.367045120000000280e-03
2.407597059999999942e+02 -1.449333759999999914e-03
2.407967639999999960e+02 -1.564165120000000127e-03
2.408338219999999978e+02 -1.567175679999999746e-03
2.408708799999999997e+02 -1.633640960000000072e-03
2.409079380000000015e+02 -1.726233599999999965e-03
2.409449960000000033e+02 -1.783416319999999930e-03
2.409820550000000026e+02 -1.841011200000000105e-03
2.410191130000000044e+02 -1.894824960000000315e-03
2.410561710000000062e+02 -1.953763840000000401e-03
2.410932290000000080e+02 -2.022970880000000190e-03
2.411302870000000098e+02 -2.048668159999999811e-03
2.411673450000000116e+02 -2.068684800000000160e-03
2.412044040000000109e+02 -2.055674879999999909e-03
2.412414620000000127e+02 -2.061857279999999588e-03
2.412785199999999861e+02 -2.085852160000000247e-03
2.413155779999999879e+02 -2.089704960000000021e-03
2.413526359999999897e+02 -2.110868479999999502e-03
2.413896939999999915e+02 -2.075279360000000482e-03
2.414267519999999934e+02 -2.062591999999999811e-03
2.414638109999999926e+02 -2.047413760000000096e-03
2.415008689999999945e+02 -2.018992639999999880e-03
2.415379269999999963e+02 -1.982722559999999627e-03
2.415749849999999981e+02 -1.964802560000000232e-03
2.416120429999999999e+02 -1.913210879999999994e-03
2.416491010000000017e+02 -1.819489280000000271e-03
2.416861600000000010e+02 -1.746196480000000457e-03
2.417232180000000028e+02 -1.667043839999999893e-03
2.417602760000000046e+02 -1.571852799999999724e-03
2.417973340000000064e+02 -1.478453760000000014e-03
2.418343920000000082e+02 -1.368711679999999988e-03
2.418714500000000100e+02 -1.323105279999999950e-03
2.419085090000000093e+02 -1.282247679999999916e-03
2.419455670000000111e+02 -1.241013760000000011e-03
2.419826250000000130e+02 -1.192020480000000049e-03
2.420196829999999864e+02 -1.140607999999999986e-03
2.420567409999999882e+02 -1.149729279999999907e-03
2.420937989999999900e+02 -1.100861440000000047e-03
2.421308579999999893e+02 -1.031851519999999953e-03
2.421679159999999911e+02 -1.062584319999999903e-03
2.422049739999999929e+02 -1.061312000000000019e-03
2.422420319999999947e+02 -1.035381759999999931e-03
2.422790899999999965e+02 -1.033320959999999965e-03
2.423161479999999983e+02 -1.017981440000000027e-03
2.423532069999999976e+02 -9.745971199999998525e-04
2.423902649999999994e+02 -9.288294400000000244e-04
2.424273230000000012e+02 -9.500108800000000003e-04
2.424643810000000030e+02 -9.304243200000000304e-04
2.425014390000000049e+02 -9.197260799999999476e-04
2.425384970000000067e+02 -9.548672000000001537e-04
2.425755550000000085e+02 -9.726976000000000025e-04
2.426126140000000078e+02 -9.861555199999999348e-04
2.426496720000000096e+02 -1.000133120000000009e-03
2.426867300000000114e+02 -9.928934400000000941e-04
2.427237880000000132e+02 -1.010652160000000133e-03
2.427608459999999866e+02 -1.029432319999999852e-03
2.427979039999999884e+02 -1.046133760000000088e-03
2.428349629999999877e+02 -1.065505279999999977e-03
2.428720209999999895e+02 -1.086184960000000088e-03
2.429090789999999913e+02 -1.105413119999999923e-03
2.429461369999999931e+02 -1.127508479999999973e-03
2.429831949999999949e+02 -1.188848639999999989e-03
2.430202529999999967e+02 -1.250314240000000325e-03
2.430573119999999960e+02 -1.311564800000000145e-03
2.430943699999999978e+02 -1.396165119999999730e-03
2.431314279999999997e+02 -1.479206399999999757e-03
2.431684860000000015e+02 -1.565491199999999869e-03
2.432055440000000033e+02 -1.639393279999999805e-03
2.432426020000000051e+02 -1.693672960000000083e-03
2.432796610000000044e+02 -1.711682560000000325e-03
2.433167190000000062e+02 -1.746859520000000002e-03
2.433537770000000080e+02 -1.761912320000000049e-03
2.433908350000000098e+02 -1.780280319999999993e-03
2.434278930000000116e+02 -1.857551360000000117e-03
2.434649510000000134e+02 -1.854146560000000023e-03
2.435020100000000127e+02 -1.808593920000000277e-03
2.435390679999999861e+02 -1.780441599999999782e-03
2.435761259999999879e+02 -1.771947519999999719e-03
2.436131839999999897e+02 -1.768471040000000032e-03
2.436502419999999915e+02 -1.734261759999999961e-03
2.436872999999999934e+02 -1.707399679999999954e-03
2.437243579999999952e+02 -1.690465280000000119e-03
2.437614169999999945e+02 -1.653890560000000239e-03
2.437984749999999963e+02 -1.602693119999999824e-03
2.438355329999999981e+02 -1.494796800000000115e-03
2.438725909999999999e+02 -1.386309120000000020e-03
2.439096490000000017e+02 -1.314342399999999947e-03
2.439467070000000035e+02 -1.214008319999999950e-03
2.439837660000000028e+02 -1.107008000000000037e-03
2.440208240000000046e+02 -9.975168000000002137e-04
2.440578820000000064e+02 -8.831155200000000540e-04
2.440949400000000082e+02 -7.825305599999998534e-04
2.441319980000000101e+02 -6.851891199999999562e-04
2.441690560000000119e+02 -5.892096000000000312e-04
2.442061150000000112e+02 -5.215616000000000176e-04
2.442431730000000130e+02 -5.210956799999999500e-04
2.442802309999999864e+02 -4.880511999999999936e-04
2.443172889999999882e+02 -4.769049599999999585e-04
2.443543469999999900e+02 -4.614041600000000137e-04
2.443914049999999918e+02 -4.442726399999999951e-04
2.444284639999999911e+02 -4.176614399999999203e-04
2.444655219999999929e+02 -4.193459200000000144e-04
2.445025799999999947e+02 -4.349363200000000472e-04
2.445396379999999965e+02 -3.937203199999999865e-04
2.445766959999999983e+02 -3.694387199999999241e-04
2.446137540000000001e+02 -4.043827200000000015e-04
2.446508129999999994e+02 -4.042931199999999677e-04
2.446878710000000012e+02 -3.542783999999999994e-04
2.447249290000000030e+02 -3.879679999999999284e-04
2.447619870000000049e+02 -3.974118400000000253e-04
2.447990450000000067e+02 -4.027161600000000227e-04
2.448361030000000085e+02 -4.087014400000000603e-04
2.448731610000000103e+02 -4.168012799999999750e-04
2.449102200000000096e+02 -4.223923200000000264e-04
2.449472780000000114e+02 -4.257971199999999569e-04
2.449843360000000132e+02 -4.184857600000000690e-04
2.450213939999999866e+02 -4.174822400000000153e-04
2.450584519999999884e+02 -4.173747199999999747e-04
2.450955099999999902e+02 -4.193100799999999466e-04
2.451325689999999895e+02 -4.387712000000000318e-04
2.451696269999999913e+02 -4.509568000000000799e-04
2.452066849999999931e+02 -4.633036800000000263e-04
2.452437429999999949e+02 -4.772991999999999990e-04
2.452808009999999967e+02 -4.988211200000001577e-04
2.453178589999999986e+02 -4.999500799999999877e-04
2.453549179999999978e+02 -4.892876800000000269e-04
2.453919759999999997e+02 -5.014553600000000140e-04
2.454290340000000015e+02 -5.017958399999998716e-04
2.454660920000000033e+02 -5.045555199999999380e-04
2.455031500000000051e+02 -5.163468800000000540e-04
2.455402080000000069e+02 -5.592652800000000530e-04
2.455772670000000062e+02 -5.381017600000000296e-04
2.456143250000000080e+02 -5.350732800000000244e-04
2.456513830000000098e+02 -5.374566400000000028e-04
2.456884410000000116e+02 -5.411481599999999875e-04
2.457254990000000134e+02 -5.439974400000000335e-04
2.457625569999999868e+02 -5.619353600000000313e-04
2.457996159999999861e+02 -5.548032000000000484e-04
2.458366739999999879e+02 -5.345177599999999772e-04
2.458737319999999897e+02 -5.376716799999999756e-04
2.459107899999999916e+02 -5.789593599999999550e-04
2.459478479999999934e+02 -5.294284800000000069e-04
2.459849059999999952e+02 -5.207372800000000315e-04
2.460219649999999945e+02 -5.263283199999999745e-04
2.460590229999999963e+02 -5.419008000000000548e-04
2.460960809999999981e+02 -5.457536000000000461e-04
2.461331389999999999e+02 -5.481548799999999772e-04
2.461701970000000017e+02 -5.398041600000000762e-04
2.462072550000000035e+02 -5.308979200000000197e-04
2.462443130000000053e+02 -5.294463999999999594e-04
2.462813720000000046e+02 -5.414707200000000008e-04
2.463184300000000064e+02 -5.247872000000000431e-04
2.463554880000000082e+02 -5.157196799999998714e-04
2.463925460000000101e+02 -5.095910400000000506e-04
2.464296040000000119e+02 -5.014553600000000140e-04
2.464666620000000137e+02 -4.949862400000001189e-04
2.465037210000000130e+02 -4.873344000000000482e-04
2.465407789999999864e+02 -4.787865600000000728e-04
2.465778369999999882e+02 -4.690560000000000302e-04
2.466148949999999900e+02 -4.332159999999999939e-04
2.466519529999999918e+02 -4.560281600000000435e-04
2.466890109999999936e+02 -5.000755199999998724e-04
2.467260699999999929e+02 -4.946636799999999971e-04
2.467631279999999947e+02 -4.348825600000000811e-04
2.468001859999999965e+02 -4.611891199999999867e-04
2.468372439999999983e+02 -4.611353600000000206e-04
2.468743020000000001e+02 -4.423372799999999690e-04
2.469113600000000019e+02 -4.528204800000000790e-04
2.469484190000000012e+02 -4.557056000000000301e-04
2.469854770000000030e+02 -4.510643200000000663e-04
2.470225350000000049e+02 -4.336998400000000140e-04
2.470595930000000067e+02 -4.230553599999999515e-04
2.470966510000000085e+02 -4.117478400000000724e-04
2.471337090000000103e+02 -4.038451200000000695e-04
2.471707680000000096e+02 -4.157977600000000297e-04
2.472078260000000114e+02 -4.179660800000000354e-04
2.472448840000000132e+02 -4.169267200000000223e-04
2.472819419999999866e+02 -4.134860800000000241e-04
2.473189999999999884e+02 -4.004403199999999764e-04
2.473560579999999902e+02 -3.970534400000000526e-04
2.473931159999999920e+02 -4.083251200000000266e-04
2.474301749999999913e+02 -4.199552000000001360e-04
2.474672329999999931e+02 -4.306175999999999884e-04
2.475042909999999949e+02 -4.404736000000000241e-04
2.475413489999999967e+02 -4.505625599999999852e-04
2.475784069999999986e+02 -4.604543999999999803e-04
2.476154650000000004e+02 -4.700595199999999755e-04
2.476525239999999997e+02 -4.794137600000000386e-04
2.476895820000000015e+02 -4.927103999999999642e-04
2.477266400000000033e+02 -5.022796799999998917e-04
2.477636980000000051e+02 -5.116159999999998938e-04
2.478007560000000069e+02 -5.202355199999999505e-04
2.478378140000000087e+02 -5.302527999999999929e-04
2.478748730000000080e+02 -5.413273599999999467e-04
2.479119310000000098e+02 -5.546956800000000078e-04
2.479489890000000116e+02 -5.721676800000000465e-04
2.479860470000000134e+02 -5.925247999999999279e-04
2.480231049999999868e+02 -5.779916799999999149e-04
2.480601629999999886e+02 -5.963238399999998447e-04
2.480972219999999879e+02 -5.851059199999999452e-04
2.481342799999999897e+02 -5.763251199999999902e-04
2.481713379999999916e+02 -5.683686400000000213e-04
2.482083959999999934e+02 -5.665049599999999680e-04
2.482454539999999952e+02 -5.571865600000000269e-04
2.482825119999999970e+02 -5.462374399999999578e-04
2.483195709999999963e+02 -5.360409599999999561e-04
2.483566289999999981e+02 -5.261849600000000288e-04
2.483936869999999999e+02 -5.162751999999999186e-04
2.484307450000000017e+02 -5.172070400000000536e-04
2.484678030000000035e+02 -4.969395200000000434e-04
2.485048610000000053e+02 -4.779980799999999919e-04
2.485419190000000071e+02 -4.585548800000000219e-04
2.485789780000000064e+02 -4.380364799999999711e-04
2.486160360000000082e+02 -4.214963199999999591e-04
2.486530940000000101e+02 -4.041318400000000152e-04
2.486901520000000119e+02 -3.835955199999999034e-04
2.487272100000000137e+02 -3.659084800000000004e-04
2.487642679999999871e+02 -3.491532800000000155e-04
2.488013269999999864e+02 -3.315737600000000446e-04
2.488383849999999882e+02 -3.137791999999999925e-04
2.488754429999999900e+02 -2.961279999999999945e-04
2.489125009999999918e+02 -2.637644800000000242e-04
2.489495589999999936e+02 -2.574924799999999325e-04
2.489866169999999954e+02 -2.507545599999999901e-04
2.490236759999999947e+02 -2.417049599999999878e-04
2.490607339999999965e+02 -2.295372800000000007e-04
2.490977919999999983e+02 -2.304153600000000070e-04
2.491348500000000001e+02 -2.326732800000000194e-04
2.491719080000000019e+02 -2.306662399999999662e-04
2.492089660000000038e+02 -2.264729600000000361e-04
2.492460250000000030e+02 -2.228172800000000108e-04
2.492830830000000049e+02 -1.960985600000000038e-04
2.493201410000000067e+02 -2.040729600000000066e-04
2.493571990000000085e+02 -2.091443200000000244e-04
2.493942570000000103e+02 -2.125849599999999956e-04
2.494313150000000121e+02 -2.098432000000000173e-04
2.494683740000000114e+02 -2.221004800000000111e-04
2.495054320000000132e+02 -2.325120000000000398e-04
2.495424899999999866e+02 -2.407731199999999612e-04
2.495795479999999884e+02 -2.486400000000000589e-04
2.496166059999999902e+02 -2.555392000000000080e-04
2.496536639999999920e+02 -2.621875200000000792e-04
2.496907219999999938e+02 -2.690150400000000013e-04
2.497277809999999931e+02 -2.754483199999999913e-04
2.497648389999999949e+02 -2.913791999999999901e-04
2.498018969999999968e+02 -2.941209599999999413e-04
2.498389549999999986e+02 -2.966297599999999672e-04
2.498760130000000004e+02 -2.987443200000000068e-04
2.499130710000000022e+02 -3.015040000000000190e-04
2.499501300000000015e+02 -3.040665600000000651e-04
2.499871880000000033e+02 -3.063782400000000165e-04
2.500242460000000051e+02 -3.093529600000000015e-04
2.500613040000000069e+02 -3.118080000000000070e-04
2.500983620000000087e+02 -3.141196800000000669e-04
2.501354200000000105e+02 -3.209830400000000025e-04
2.501724790000000098e+02 -3.619481600000000227e-04
2.502095370000000116e+02 -3.138329600000000128e-04
2.502465950000000134e+02 -3.091379200000000287e-04
2.502836529999999868e+02 -3.025433599999999778e-04
2.503207109999999886e+02 -2.981708799999999529e-04
2.503577689999999905e+02 -2.950527999999999680e-04
2.503948279999999897e+02 -2.946585599999999817e-04
2.504318859999999916e+02 -2.958771200000000082e-04
2.504689439999999934e+02 -2.988697599999999457e-04
2.505060019999999952e+02 -3.066649600000000164e-04
2.505430599999999970e+02 -3.313408000000000108e-04
2.505801179999999988e+02 -3.044428800000000446e-04
2.506171769999999981e+02 -2.977049599999999937e-04
2.506542349999999999e+02 -2.932070400000000299e-04
2.506912930000000017e+02 -2.899635199999999434e-04
2.507283510000000035e+02 -2.882252799999999917e-04
2.507654090000000053e+02 -2.862003199999999859e-04
2.508024670000000071e+02 -2.849817600000000136e-04
2.508395250000000090e+02 -2.831718399999999807e-04
2.508765840000000082e+02 -2.804121600000000227e-04
2.509136420000000101e+02 -2.794086400000000232e-04
2.509507000000000119e+02 -2.976870400000000412e-04
2.509877580000000137e+02 -3.050342399999999969e-04
2.510248159999999871e+02 -3.099980799999999741e-04
2.510618739999999889e+02 -3.126502399999999456e-04
2.510989329999999882e+02 -3.134387199999999723e-04
2.511359909999999900e+02 -3.143168000000000329e-04
2.511730489999999918e+02 -3.139942400000000195e-04
2.512101069999999936e+02 -3.120768000000000001e-04
2.512471649999999954e+02 -3.039769600000000313e-04
2.512842229999999972e+02 -2.977766400000000208e-04
2.513212819999999965e+02 -3.101235199999999672e-04
2.513583399999999983e+02 -3.144780799999999854e-04
2.513953980000000001e+02 -3.168793600000000248e-04
2.514324560000000019e+02 -3.159654400000000050e-04
2.514695140000000038e+02 -3.130803199999999996e-04
2.515065720000000056e+02 -3.002316800000000264e-04
2.515436310000000049e+02 -3.059123200000000032e-04
2.515806890000000067e+02 -3.101593600000000350e-04
2.516177470000000085e+02 -3.116287999999999936e-04
2.516548050000000103e+02 -3.116467199999999461e-04
2.516918630000000121e+02 -3.102668800000000214e-04
2.517289210000000139e+02 -3.070771200000000094e-04
2.517659800000000132e+02 -3.000703999999999655e-04
2.518030379999999866e+02 -3.013427199999999580e-04
2.518400959999999884e+02 -3.006080000000000058e-04
2.518771539999999902e+02 -2.998732799999999994e-04
2.519142119999999920e+02 -2.995327999999999793e-04
2.519512699999999938e+02 -2.991744000000000066e-04
2.519883279999999957e+02 -2.988876800000000067e-04
2.520253869999999949e+02 -2.989593599999999796e-04
2.520624449999999968e+02 -2.992460799999999794e-04
2.520995029999999986e+02 -3.006080000000000058e-04
2.521365610000000004e+02 -3.001241600000000400e-04
2.521736190000000022e+02 -2.927232000000000098e-04
2.522106770000000040e+02 -2.889779200000000049e-04
2.522477360000000033e+02 -2.860748799999999386e-04
2.522847940000000051e+02 -2.842112000000000479e-04
2.523218520000000069e+02 -2.827596799999999876e-04
2.523589100000000087e+02 -2.821683199999999812e-04
2.523959680000000105e+02 -2.823295999999999879e-04
2.524330260000000123e+02 -2.828492800000000215e-04
2.524700850000000116e+02 -2.848204800000000069e-04
2.525071430000000134e+02 -2.879027199999999783e-04
2.525442009999999868e+02 -2.928486400000000029e-04
2.525812589999999886e+02 -3.029017600000000047e-04
2.526183169999999905e+02 -3.294054399999999305e-04
2.526553749999999923e+02 -3.059660800000000777e-04
2.526924339999999916e+02 -3.006080000000000058e-04
2.527294919999999934e+02 -2.973107200000000617e-04
2.527665499999999952e+02 -2.951424000000000018e-04
2.528036079999999970e+02 -2.933145600000000163e-04
2.528406659999999988e+02 -2.918809600000000712e-04
2.528777240000000006e+02 -2.904831999999999770e-04
2.529147829999999999e+02 -2.894438400000000182e-04
2.529518410000000017e+02 -2.886374400000000389e-04
2.529888990000000035e+02 -2.878310400000000054e-04
2.530259570000000053e+02 -2.870604799999999855e-04
2.530630150000000071e+02 -2.875980800000000801e-04
2.531000730000000090e+02 -2.917376000000000170e-04
2.531371310000000108e+02 -2.868991999999999246e-04
2.531741900000000101e+02 -2.863257599999999249e-04
2.532112480000000119e+02 -2.839244799999999938e-04
2.532483060000000137e+02 -2.817561599999999881e-04
2.532853639999999871e+02 -2.796774400000000163e-04
2.533224219999999889e+02 -2.776524800000000105e-04
2.533594799999999907e+02 -2.756275200000000048e-04
2.533965389999999900e+02 -2.736563200000000193e-04
2.534335969999999918e+02 -2.716851199999999796e-04
2.534706549999999936e+02 -2.697497600000000077e-04
2.535077129999999954e+02 -2.678143999999999816e-04
2.535447709999999972e+02 -2.659507199999999825e-04
2.535818289999999990e+02 -2.639974400000000580e-04
2.536188879999999983e+02 -2.620620799999999776e-04
2.536559460000000001e+02 -2.600908799999999922e-04
2.536930040000000020e+02 -2.582630399999999524e-04
2.537300620000000038e+02 -2.564531199999999195e-04
2.537671200000000056e+02 -2.545536000000000153e-04
2.538041780000000074e+02 -2.526899200000000162e-04
2.538412370000000067e+02 -2.508262399999999629e-04
2.538782950000000085e+02 -2.489804800000000248e-04
2.539153530000000103e+02 -2.470271999999999377e-04
2.539524110000000121e+02 -2.460953599999999653e-04
2.539894690000000139e+02 -2.451993600000000606e-04
2.540265269999999873e+02 -2.443033599999999933e-04
2.540635859999999866e+02 -2.434073599999999802e-04
2.541006439999999884e+02 -2.425292800000000009e-04
2.541377019999999902e+02 -2.416511999999999946e-04
2.541747599999999920e+02 -2.407552000000000357e-04
2.542118179999999938e+02 -2.398771200000000023e-04
2.542488759999999957e+02 -2.390169600000000027e-04
2.542859339999999975e+02 -2.381388799999999964e-04
2.543229929999999968e+02 -2.372428799999999833e-04
2.543600509999999986e+02 -2.363827200000000108e-04
2.543971090000000004e+02 -2.355225600000000112e-04
2.544341670000000022e+02 -2.346086399999999642e-04
2.544712250000000040e+02 -2.337663999999999985e-04
2.545082830000000058e+02 -2.331033599999999650e-04
2.545453420000000051e+02 -2.321356800000000061e-04
2.545824000000000069e+02 -2.310963199999999931e-04
2.546194580000000087e+02 -2.299494399999999937e-04
2.546565160000000105e+02 -2.291430400000000144e-04
2.546935740000000123e+02 -2.284083200000000080e-04
2.547306320000000142e+02 -2.275660799999999610e-04
2.547676910000000134e+02 -2.265087999999999683e-04
2.548047489999999868e+02 -2.255590400000000162e-04
2.548418069999999886e+02 -2.244838399999999896e-04
2.548788649999999905e+02 -2.187315200000000128e-04
2.549159229999999923e+02 -2.182476799999999927e-04
2.549529809999999941e+02 -2.175488000000000270e-04
2.549900399999999934e+02 -2.165094399999999868e-04
2.550270979999999952e+02 -2.147712000000000080e-04
2.550641559999999970e+02 -2.120831999999999958e-04
2.551012139999999988e+02 -2.159897599999999803e-04
2.551382720000000006e+02 -2.174233600000000338e-04
2.551753300000000024e+02 -2.183014400000000401e-04
2.552123890000000017e+02 -2.188390400000000263e-04
2.552494470000000035e+02 -2.193228799999999922e-04
2.552865050000000053e+02 -2.197171200000000327e-04
2.553235630000000072e+02 -2.199500800000000122e-04
2.553606210000000090e+02 -2.202547200000000188e-04
2.553976790000000108e+02 -2.204159999999999984e-04
2.554347370000000126e+02 -2.205772800000000051e-04
2.554717960000000119e+02 -2.207564799999999915e-04
2.555088540000000137e+02 -2.207564799999999915e-04
2.555459119999999871e+02 -2.208819200000000389e-04
2.555829699999999889e+02 -2.208819200000000117e-04
2.556200279999999907e+02 -2.208639999999999779e-04
2.556570859999999925e+02 -2.209356800000000049e-04
2.556941449999999918e+02 -2.207743999999999711e-04
2.557312029999999936e+02 -2.207564799999999915e-04
2.557682609999999954e+02 -2.205056000000000052e-04
2.558053189999999972e+02 -2.203263999999999917e-04
2.558423769999999990e+02 -2.200038399999999783e-04
2.558794350000000009e+02 -2.195379200000000192e-04
2.559164940000000001e+02 -2.190003200000000059e-04
2.559535520000000020e+02 -2.182118400000000063e-04
2.559906100000000038e+02 -2.094848000000000174e-04
2.560276680000000056e+02 -2.056678399999999855e-04
2.560647260000000074e+02 -2.132479999999999749e-04
2.561017840000000092e+02 -2.183910400000000198e-04
2.561388430000000085e+02 -2.221004799999999840e-04
2.561759010000000103e+02 -2.252902400000000231e-04
2.562129590000000121e+02 -2.283008000000000216e-04
2.562500170000000139e+02 -2.309529599999999932e-04
2.562870750000000157e+02 -2.335334399999999919e-04
2.563241330000000175e+02 -2.358988799999999907e-04
2.563611920000000168e+02 -2.382643199999999895e-04
2.563982500000000186e+02 -2.404684800000000359e-04
2.564353080000000205e+02 -2.426188799999999535e-04
2.564723660000000223e+02 -2.446796800000000270e-04
2.565094240000000241e+02 -2.465791999999999854e-04
2.565464820000000259e+02 -2.484966400000000047e-04
2.565835400000000277e+02 -2.563993600000000618e-04
2.566205990000000270e+02 -2.579942400000000136e-04
2.566576569999999720e+02 -2.596787199999999992e-04
2.566947149999999738e+02 -2.612556799999999984e-04
2.567317729999999756e+02 -2.626892799999999977e-04
2.567688309999999774e+02 -2.634777600000000244e-04
2.568058889999999792e+02 -2.648217599999999898e-04
2.568429479999999785e+02 -2.661478400000000027e-04
2.568800059999999803e+02 -2.675097599999999749e-04
2.569170639999999821e+02 -2.689254400000000217e-04
2.569541219999999839e+02 -2.703948799999999803e-04
2.569911799999999857e+02 -2.718105600000000270e-04
2.570282379999999876e+02 -2.732979200000000466e-04
2.570652969999999868e+02 -2.861644799999999724e-04
2.571023549999999886e+02 -2.855014399999999931e-04
2.571394129999999905e+02 -2.839603199999999532e-04
2.571764709999999923e+02 -2.827238399999999741e-04
2.572135289999999941e+02 -2.810931200000000088e-04
2.572505869999999959e+02 -2.795161600000000096e-04
2.572876459999999952e+02 -2.782438400000000170e-04
2.573247039999999970e+02 -2.768639999999999838e-04
2.573617619999999988e+02 -2.752870399999999846e-04
2.573988200000000006e+02 -2.735308800000000261e-04
2.574358780000000024e+02 -2.720793600000000201e-04
2.574729360000000042e+02 -2.707532800000000072e-04
2.575099950000000035e+02 -2.696243200000000145e-04
2.575470530000000053e+02 -2.682982400000000016e-04
2.575841110000000072e+02 -2.670259199999999548e-04
2.576211690000000090e+02 -2.656639999999999826e-04
2.576582270000000108e+02 -2.645350399999999900e-04
2.576952850000000126e+02 -2.636569599999999836e-04
2.577323430000000144e+02 -2.639078400000000242e-04
2.577694020000000137e+02 -2.608793600000000189e-04
2.578064600000000155e+02 -2.589977600000000131e-04
2.578435180000000173e+02 -2.554137599999999606e-04
2.578805760000000191e+02 -2.521164799999999623e-04
2.579176340000000209e+02 -2.485503999999999708e-04
2.579546920000000227e+02 -2.454681599999999995e-04
2.579917510000000220e+02 -2.427980799999999940e-04
2.580288090000000238e+02 -2.403430400000000156e-04
2.580658670000000257e+02 -2.372428800000000104e-04
2.581029250000000275e+02 -2.339635199999999917e-04
2.581399829999999724e+02 -2.308633600000000135e-04
2.581770409999999742e+02 -2.281574399999999675e-04
2.582140999999999735e+02 -2.254335999999999959e-04
2.582511579999999753e+02 -2.227097599999999973e-04
2.582882159999999772e+02 -2.199142399999999987e-04
2.583252739999999790e+02 -2.172799999999999797e-04
2.583623319999999808e+02 -2.145561600000000352e-04
2.583993899999999826e+02 -2.117427200000000028e-04
2.584364489999999819e+02 -2.091084800000000108e-04
2.584735069999999837e+02 -2.066534400000000053e-04
2.585105649999999855e+02 -2.044134400000000538e-04
2.585476229999999873e+02 -2.055065600000000330e-04
2.585846809999999891e+02 -2.021196800000000008e-04
2.586217389999999909e+02 -1.987865600000000160e-04
2.586587979999999902e+02 -1.957939199999999972e-04
2.586958559999999920e+02 -1.928550400000000257e-04
2.587329139999999938e+02 -1.900953599999999865e-04
2.587699719999999957e+02 -1.873536000000000082e-04
2.588070299999999975e+02 -1.853286400000000024e-04
2.588440879999999993e+02 -1.873894399999999675e-04
2.588811460000000011e+02 -1.771750400000000403e-04
2.589182050000000004e+02 -1.723366400000000021e-04
2.589552630000000022e+02 -1.682687999999999838e-04
2.589923210000000040e+02 -1.645235200000000060e-04
2.590293790000000058e+02 -1.504563200000000062e-04
2.590664370000000076e+02 -1.485209600000000072e-04
2.591034950000000094e+02 -1.470694400000000011e-04
2.591405540000000087e+02 -1.459404800000000085e-04
2.591776120000000105e+02 -1.445964799999999888e-04
2.592146700000000124e+02 -1.433420800000000301e-04
2.592517280000000142e+02 -1.425177599999999899e-04
2.592887860000000160e+02 -1.421055999999999968e-04
2.593258440000000178e+02 -1.421414400000000104e-04
2.593629030000000171e+02 -1.427686400000000033e-04
2.593999610000000189e+02 -1.440409599999999959e-04
2.594370190000000207e+02 -1.487718399999999935e-04
2.594740770000000225e+02 -1.476428800000000009e-04
2.595111350000000243e+02 -1.337011199999999672e-04
2.595481930000000261e+02 -1.343104000000000075e-04
2.595852520000000254e+02 -1.355468799999999595e-04
2.596223100000000272e+02 -1.368371200000000130e-04
2.596593679999999722e+02 -1.382169599999999920e-04
2.596964259999999740e+02 -1.400985599999999707e-04
2.597334839999999758e+02 -1.417651200000000038e-04
2.597705419999999776e+02 -1.435571199999999758e-04
2.598076009999999769e+02 -1.455283199999999884e-04
2.598446589999999787e+02 -1.474278400000000010e-04
2.598817169999999805e+02 -1.493811199999999797e-04
2.599187749999999824e+02 -1.516928000000000124e-04
2.599558329999999842e+02 -1.543449600000000111e-04
2.599928909999999860e+02 -1.570329599999999962e-04
2.600299489999999878e+02 -1.591296000000000290e-04
2.600670079999999871e+02 -1.611007999999999874e-04
2.601040659999999889e+02 -1.709388800000000163e-04
2.601411239999999907e+02 -1.733222399999999948e-04
2.601781819999999925e+02 -1.745407999999999942e-04
2.602152399999999943e+02 -1.759027199999999935e-04
2.602522979999999961e+02 -1.769958400000000269e-04
2.602893569999999954e+02 -1.783040000000000059e-04
2.603264149999999972e+02 -1.793612800000000257e-04
2.603634729999999990e+02 -1.809203199999999639e-04
2.604005310000000009e+02 -1.817267199999999974e-04
2.604375890000000027e+02 -1.821747200000000040e-04
2.604746470000000045e+02 -1.824614400000000038e-04
2.605117060000000038e+02 -1.831961600000000102e-04
2.605487640000000056e+02 -1.841996800000000368e-04
2.605858220000000074e+02 -1.842175999999999623e-04
2.606228800000000092e+02 -1.835187199999999965e-04
2.606599380000000110e+02 -1.797196799999999984e-04
2.606969960000000128e+02 -1.828735999999999968e-04
2.607340550000000121e+02 -1.900953599999999593e-04
2.607711130000000139e+02 -1.902566400000000203e-04
2.608081710000000157e+02 -1.897728000000000002e-04
2.608452290000000175e+02 -1.892351999999999598e-04
2.608822870000000194e+02 -1.883929599999999670e-04
2.609193450000000212e+02 -1.872102400000000082e-04
2.609564040000000205e+02 -1.859916799999999817e-04
2.609934620000000223e+02 -1.848268800000000297e-04
2.610305200000000241e+02 -1.835904000000000236e-04
2.610675780000000259e+02 -1.823001599999999971e-04
2.611046360000000277e+02 -1.808486400000000182e-04
2.611416939999999727e+02 -1.793254400000000122e-04
2.611787519999999745e+02 -1.777843199999999723e-04
2.612158109999999738e+02 -1.761715199999999866e-04
2.612528689999999756e+02 -1.744332800000000078e-04
2.612899269999999774e+02 -1.725696000000000088e-04
2.613269849999999792e+02 -1.640217600000000062e-04
2.613640429999999810e+02 -1.625881600000000070e-04
2.614011009999999828e+02 -1.601331200000000014e-04
2.614381599999999821e+02 -1.591116800000000222e-04
2.614752179999999839e+02 -1.582335999999999888e-04
2.615122759999999857e+02 -1.577497599999999958e-04
2.615493339999999876e+02 -1.573913599999999960e-04
